   0.64400
   0.53600
   0.27000
   0.65800
   1.62800
   0.06400
   1.08600
   0.11800
   0.19200
   0.13600
   0.41400
   1.10800
   3.58000
   0.65000
   0.36400
   0.34600
   0.58000
   2.15800
   0.34800
   0.69000
   1.03800
   0.19400
   0.40600
   1.16600
   0.89800
   0.91800
   1.48000
   0.59600
   1.02800
   0.21000
   0.08200
   0.81600
   0.33600
   0.15800
   0.07600
   0.12000
   0.61600
   0.40400
   0.15800
   0.90200
   0.20200
   0.36600
   0.17400
   0.23000
   0.21000
   0.27400
   0.08000
   0.09200
   0.28200
   0.13000
   0.03200
   0.35800
   0.51000
   0.49200
   0.75000
   0.48400
   0.52600
   0.16200
   0.30400
   0.08200
   0.43800
   1.20600
   0.09800
   0.73200
   0.05200
   0.19600
   2.22600
   0.22400
   0.17000
   2.20800
   0.10200
   0.83200
   0.20000
   0.51200
   0.28200
   0.15600
   2.42600
   1.38400
   1.82400
   0.68400
   0.20000
   0.23800
   1.48000
   1.02600
   0.21200
   0.36200
   0.18800
   2.18800
   0.29600
   0.63600
   0.45200
   0.05800
   1.39800
   1.26000
   1.72000
   1.10000
   0.11000
   0.59400
   0.86000
   0.08600
   0.54200
   0.09400
   0.56800
   0.63200
   0.62600
   0.61800
   0.18200
   0.83400
   0.09600
   0.15600
   1.85400
   0.71600
   0.60200
   0.22600
   0.97400
   0.34800
   1.28800
   0.09000
   0.92400
   0.08600
   0.45600
   0.77000
   1.62600
   0.95200
   0.34000
   0.80000
   0.89400
   1.50400
   0.18400
   0.82400
   0.82400
   0.19200
   0.03600
   0.51800
   0.71400
   0.22600
   0.15800
   0.04400
   0.06800
   0.67600
   0.11600
   0.11400
   1.55200
   1.87400
   0.28400
   0.06200
   0.39600
   0.44200
   0.19600
   0.08200
   0.63000
   1.46400
   0.09600
   2.08400
   0.42800
   0.35000
   0.27000
   0.24400
   0.10600
   0.66600
   0.47600
   2.35400
   0.23000
   0.18600
   0.56400
   0.29600
   0.21600
   0.21400
   0.47800
   0.22800
   0.61600
   0.67000
   0.58800
   0.79200
   0.64200
   0.11200
   0.97000
   1.66600
   1.23200
   0.80200
   0.97800
   0.24800
   0.18000
   0.08400
   0.65200
   0.23600
   0.37800
   0.33200
   1.63400
   0.38000
   0.42000
   0.82800
   0.50400
   0.20400
   0.14800
   0.92400
   2.31600
   0.64400
   0.23400
   0.07800
   0.32600
   0.25800
   0.20000
   0.72600
   0.82600
   0.11800
   0.53000
   0.14800
   0.08400
   0.32600
   0.20000
   0.13600
   0.50600
   0.13800
   0.62600
   1.00400
   0.34000
   0.34600
   1.38200
   0.14200
   0.18400
   0.30400
   0.46600
   0.60600
   0.07200
   0.08400
   0.25000
   1.79600
   0.43400
   0.70000
   0.16000
   0.57200
   1.00600
   0.43600
   1.65200
   1.00400
   0.41200
   0.66600
   0.15000
   0.22800
   1.75800
   0.89600
   1.96600
   0.37600
   0.13200
   0.50600
   0.37200
   0.41000
   2.11400
   0.55400
   0.37600
   0.94200
   0.79800
   0.10000
   0.16400
   0.61600
   0.32000
   0.20800
   0.04800
   0.90400
   0.68200
   0.32600
   0.11600
   1.53800
   0.44400
   2.78200
   0.34600
   0.78800
   0.37600
   0.50600
   0.16600
   0.41400
   0.12000
   1.06000
   0.50600
   0.39200
   1.52000
   0.18200
   0.52200
   0.21600
   0.24400
   1.52600
   0.89600
   0.39200
   0.31000
   0.58600
   0.33800
   0.28200
   0.61400
   0.02600
   0.21800
   0.25200
   0.40400
   0.32400
   0.38400
   0.60400
   0.35800
   0.36400
   1.08600
   1.37400
   0.29200
   0.27200
   0.06000
   1.24000
   0.16800
   0.51000
   0.13600
   0.49400
   0.07400
   0.61600
   0.35400
   0.44200
   0.14800
   0.38400
   0.41800
   0.11400
   0.23200
   0.24600
   0.36800
   0.12800
   0.73800
   0.59400
   0.07600
   0.30600
   2.20200
   0.48000
   0.55800
   0.30800
   0.09800
   0.20400
   0.72600
   0.40200
   0.80800
   0.04400
   0.65200
   1.32600
   0.54600
   0.84200
   0.24000
   0.23600
   0.49200
   0.51800
   0.24200
   0.81800
   0.21200
   1.00200
   0.34400
   0.35000
   1.10000
   0.25200
   0.59400
   0.22200
   0.23800
   0.38400
   0.69200
   1.10600
   0.11600
   0.79000
   0.21200
   0.31800
   0.86200
   0.13400
   0.47400
   0.71000
   0.56600
   0.60600
   0.81800
   0.33400
   1.52600
   0.39800
   0.25200
   0.14800
   0.19200
   0.27600
   0.62000
   0.68600
   0.51800
   0.93000
   0.30000
   1.09800
   0.30000
   0.31000
   2.03600
   1.99000
   0.39400
   0.32800
   0.22000
   0.19000
   2.59800
   0.23800
   0.12800
   0.14400
   0.29200
   0.17600
   0.43200
   1.89600
   0.61000
   0.07800
   0.40400
   0.17800
   0.41200
   0.98800
   0.42800
   0.60000
   0.51000
   1.05800
   0.17600
   0.26600
   0.16400
   0.32000
   0.18400
   0.56200
   0.11400
   0.06200
   0.10600
   1.18400
   0.94200
   0.15600
   0.34000
   0.37400
   1.03200
   0.36600
   0.30600
   0.25600
   0.69600
   0.66800
   0.28000
   0.06800
   0.06200
   1.22000
   0.61600
   0.43800
   0.15800
   1.01000
   0.22400
   0.31600
   0.21800
   1.23400
   0.57800
   1.73400
   0.13400
   0.40600
   1.07600
   0.32800
   0.57200
   0.54400
   0.09200
   0.61600
   0.08400
   0.55800
   1.06000
   0.19800
   0.07400
   0.33600
   0.63000
   0.54600
   0.04000
   0.49200
   0.19000
   0.12000
   1.05400
   0.45800
   0.74800
   0.35400
   0.29600
   0.07600
   0.04800
   0.24400
   0.49200
   0.87200
   0.67400
   0.46000
   0.22000
   0.32600
   0.11400
   0.23400
   0.33800
   0.41400
   0.67000
   0.98600
   0.42400
   0.16400
   0.20400
   0.10800
   0.86400
   0.04000
   0.21600
   0.84200
   0.15600
   0.66600
   0.61600
   1.01200
   0.60200
   0.18600
   0.72800
   0.29600
   1.33400
   0.29800
   0.50600
   0.07000
   0.58600
   0.27000
   0.33400
   0.81200
   0.63400
   0.20400
   0.86600
   0.12400
   0.17400
   0.51600
   0.52200
   0.32400
   0.44600
   0.54000
   0.16400
   0.48600
   0.15800
   0.79600
   0.46200
   0.08000
   0.75200
   0.91800
   0.51000
   0.49800
   0.53200
   0.82000
   0.36800
   0.43400
   0.91800
   0.90200
   0.28400
   0.55200
   0.71800
   0.27600
   0.15000
   0.21200
   0.09800
   0.15200
   0.10000
   0.37000
   0.43600
   0.41800
   1.45400
   0.80800
   0.06200
   1.41000
   0.20800
   0.59600
   0.25800
   0.31400
   0.13600
   0.93000
   0.20200
   0.17800
   0.83200
   0.12400
   1.27400
   0.03600
   0.10400
   0.38800
   0.46600
   0.31600
   0.11000
   0.51400
   0.51000
   0.36600
   0.12800
   0.21400
   0.10200
   0.72200
   0.17800
   0.10600
   0.73800
   0.14800
   0.11000
   0.31800
   0.61600
   0.60800
   0.49800
   0.51600
   0.80600
   0.16200
   1.22600
   1.14000
   0.87600
   0.85000
   1.83800
   1.85800
   0.81200
   0.25600
   1.20000
   1.20800
   0.28400
   0.05000
   0.53200
   0.06200
   0.16200
   1.66800
   0.37800
   0.17200
   1.44600
   1.61800
   0.09600
   0.43000
   0.79600
   0.23200
   0.61400
   0.24800
   0.45400
   0.11400
   0.18800
   0.25200
   1.11800
   0.10000
   0.35400
   0.08200
   0.80600
   0.25600
   0.47800
   0.99000
   0.07200
   0.63800
   0.25200
   0.73800
   0.95000
   0.91400
   0.07800
   0.15800
   0.34800
   0.36600
   0.25800
   0.30000
   0.45600
   0.05000
   0.24400
   0.34400
   0.71800
   0.09400
   0.02800
   0.51200
   1.40600
   0.15800
   0.21600
   0.41400
   0.19600
   0.83600
   2.86800
   0.39800
   0.43200
   0.16000
   0.33000
   0.05200
   0.50400
   0.46800
   0.20200
   0.08400
   0.26600
   1.17200
   0.96000
   0.70800
   2.56400
   0.83200
   0.47600
   1.78600
   0.13200
   0.57400
   2.29600
   0.04400
   0.63600
   0.11800
   0.92400
   0.19000
   0.63200
   0.27000
   0.38800
   1.81800
   1.09200
   0.09800
   0.65800
   0.46200
   0.04400
   0.42800
   0.89800
   0.40600
   0.33400
   0.42400
   0.43800
   0.67200
   1.84600
   0.63200
   0.34200
   1.22200
   0.27800
   2.00000
   0.61800
   0.29600
   0.82000
   0.56800
   1.55800
   0.48200
   0.40600
   1.09200
   1.13000
   0.43800
   0.72600
   0.45000
   0.38400
   0.87200
   0.18200
   1.62800
   0.46200
   0.33800
   0.06200
   1.09400
   0.97000
   0.07600
   0.16000
   0.11800
   0.14800
   0.35200
   0.49800
   0.38400
   1.08600
   0.68000
   0.27000
   0.77200
   0.05400
   0.78800
   0.91400
   0.56000
   0.63000
   0.08400
   0.62400
   0.47400
   0.92600
   0.24400
   0.30400
   0.44000
   1.15200
   0.10400
   0.22800
   0.24800
   0.66400
   0.25400
   1.65200
   1.31200
   0.33400
   1.11400
   0.92600
   0.05800
   0.48200
   0.63400
   0.11400
   1.07600
   0.71600
   0.44400
   0.47000
   1.40800
   2.18600
   1.51600
   0.40000
   0.15000
   1.02800
   0.37400
   0.39800
   0.21400
   0.45600
   0.17400
   0.79200
   0.05400
   0.12800
   0.59000
   0.55000
   1.80800
   0.15600
   0.12000
   0.34400
   0.60000
   0.13200
   0.47400
   2.30400
   0.41400
   0.21600
   0.89200
   0.56000
   0.54000
   0.09200
   0.95000
   0.44600
   0.32400
   1.63800
   0.72400
   0.29600
   0.42800
   0.04200
   0.09200
   1.08200
   0.25600
   0.46000
   0.13400
   1.01800
   0.23000
   0.65000
   0.04800
   0.93800
   0.36200
   0.88600
   0.15600
   0.58800
   1.01000
   0.49400
   0.35400
   0.62000
   0.27000
   1.12000
   0.62400
   0.39200
   0.51400
   0.11000
   0.33200
   0.15000
   1.22200
   0.24200
   0.89400
   0.47800
   0.14800
   0.04800
   0.05800
   0.18800
   0.78800
   0.16600
   0.21600
   0.38800
   0.26800
   0.04200
   0.22800
   0.87600
   0.13600
   0.28200
   0.43800
   0.22400
   0.52400
   0.22200
   0.94200
   0.38600
   0.06800
   0.30000
   0.09400
   0.32400
   0.12600
   1.40400
   0.12600
   0.17200
   0.52800
   0.34400
   0.30800
   0.70200
   0.28400
   1.68800
   0.31400
   0.26800
   1.38200
   0.66400
   0.11000
   0.28800
   0.31400
   0.65200
   0.53800
   0.51600
   0.11800
   0.16600
   0.30000
   0.22200
   2.90400
   0.70600
   0.12800
   1.41200
   0.33400
   0.51000
   0.74400
   0.22400
   0.48400
   0.63800
   0.38800
   0.66000
   0.12200
   1.21800
   0.57400
   0.32000
   0.18400
   0.71800
   0.63000
   1.28000
   0.14800
   0.28000
   0.02000
   0.65800
   0.65200
   0.66400
   0.69000
   0.73000
   0.78000
   0.21400
   0.60200
   0.12200
   0.07400
   0.75000
   0.08400
   0.36800
   0.39600
   0.84200
   0.03200
   1.08000
   0.33200
   0.13800
   0.13200
   0.91400
   0.54600
   0.50800
   0.18400
   1.27400
   1.36000
   0.41600
   0.91800
   0.39200
   2.22400
   1.36000
   1.07600
   0.08600
   0.10000
   2.24800
   0.57000
   0.38000
   0.53200
   1.51400
   0.18600
   0.13000
   0.51800
   2.64800
   0.40200
   0.13000
   0.52400
   0.57400
   0.26000
   0.25600
   0.23400
   0.23400
   0.15000
   0.16400
   0.14600
   0.18800
   0.13400
   0.22400
   0.50400
   0.89000
   0.06200
   0.31000
   0.89400
   0.39000
   0.84600
   0.97800
   0.34600
   0.26800
   0.04200
   1.29400
   0.48000
   0.90600
   0.58400
   0.37200
   0.96400
   0.09000
   0.99400
   0.20600
   0.13800
   0.11600
   0.40400
   0.81800
   1.54600
   0.37000
   0.73600
   1.85800
   0.50800
   0.70600
   0.62800
   0.49200
   0.59000
   0.72400
   1.19400
   0.07600
   1.27600
   0.28400
   0.76600
   0.61200
   0.34600
   0.24400
   0.20000
   0.82400
   0.39600
   0.56600
   0.48800
   1.84000
   0.81600
   0.96000
   0.29600
   0.24400
   0.65800
   0.45600
   0.39400
   0.61600
   1.52800
   2.11800
   0.26400
   0.52400
   0.24000
   1.76000
   0.20600
   0.34800
   0.44400
   0.22000
   0.97800
   0.39000
   1.00000
   1.38600
   0.76000
   0.46400
   0.45400
   1.78000
   0.10800
   0.76400
   0.73000
   0.70000
   0.73200
   0.47200
   0.56000
   1.31600
   0.17600
   0.33800
   0.07600
   0.57600
   0.92800
   1.00200
   0.16000
   0.14200
   0.35200
   0.80600
   0.48000
   0.25200
   0.11600
   0.23400
   0.07600
   0.67600
   0.31600
   0.48400
   0.51000
   0.35000
   0.89000
   0.10000
   0.87600
   0.14600
   0.21000
   0.10800
   0.89800
   0.08600
   0.89400
   0.46200
   0.70800
   0.50800
   1.30800
   0.40200
   0.24000
   1.55200
   0.50800
   0.38000
   0.53600
   3.21600
   0.19800
   0.36800
   0.38800
   0.20200
   0.19400
   0.99000
   0.24200
   0.65400
   0.81600
   0.13800
   0.22400
   0.12400
   1.85800
   0.55200
   0.16800
   0.59800
   0.31400
   0.56200
   0.98600
   1.01000
   0.15000
   0.74200
   0.58600
   0.28800
   0.65600
   0.30000
   0.05200
   0.55800
   0.12600
   0.36400
   1.05200
   0.51600
   0.27400
   0.21400
   0.11800
   0.51600
   0.33000
   2.46600
   0.11600
   0.55400
   1.27200
   1.22200
   0.18800
   0.53200
   0.61800
   0.08200
   0.61200
   0.29800
   0.12200
   0.40000
   1.16400
   0.63000
   0.32000
   0.81200
   1.13400
   0.97400
   0.17600
   0.42400
   1.04000
   0.31200
   0.93800
   0.09200
   1.08400
   0.41000
   0.30400
   0.79600
   0.31000
   0.12200
   0.38600
   0.09800
   0.62200
   1.52200
   0.23400
   0.09400
   0.02000
   1.34800
   0.06600
   2.52000
   0.18600
   1.69200
   0.51600
   0.29600
   1.03800
   0.71000
   0.26400
   0.62800
   0.27600
   0.34600
   0.26200
   0.14000
   0.97200
   0.59800
   0.33600
   0.59400
   0.53600
   0.60400
   0.88400
   2.58400
   0.17800
   1.08400
   0.31400
   0.47800
   0.69200
   0.14000
   1.86200
   1.21600
   0.21800
   0.06000
   1.00000
   0.67600
   1.03000
   0.27200
   0.06200
   0.33400
   0.46600
   0.13000
   0.35400
   0.35000
   0.36200
   0.32600
   0.84800
   0.15200
   0.65600
   0.11600
   0.59000
   0.06400
   0.07600
   0.20600
   1.48800
   0.16200
   1.34000
   0.51200
   0.39600
   0.33000
   0.78600
   0.31000
   2.38400
   0.41400
   0.10400
   0.35000
   0.27000
   0.99400
   0.23600
   1.48400
   0.28400
   0.15000
   0.28800
   0.16600
   0.79600
   1.57000
   0.08800
   0.27400
   0.32600
   0.76400
   0.29200
   1.39400
   0.39800
   1.42800
   0.23200
   0.51800
   0.10800
   0.45800
   1.41400
   0.29000
   0.22400
   0.60400
   0.39000
   1.74600
   0.67000
   0.38200
   0.10000
   0.71800
   0.45600
   1.16400
   0.35400
   0.67600
   0.04400
   0.35200
   0.39800
   0.53200
   2.22800
   0.55800
   0.48600
   0.48200
   0.05400
   0.89400
   0.06000
   0.07800
   0.40800
   0.52000
   0.42000
   0.40400
   0.75600
   0.37800
   0.29000
   0.48400
   2.47000
   2.13800
   0.17600
   1.22000
   0.05600
   1.92000
   2.15200
   0.38400
   0.75000
   0.17400
   0.16400
   0.14600
   0.78200
   0.30400
   1.45800
   0.27400
   0.09200
   0.67400
   0.45000
   0.32200
   1.62600
   0.17200
   0.37000
   0.12000
   0.22800
   0.38400
   0.65600
   0.58200
   0.36000
   0.06600
   0.87600
   0.07400
   0.55000
   2.01600
   0.23600
   0.67600
   0.27800
   1.80000
   0.47800
   0.43400
   0.17800
   1.33200
   0.09200
   1.56600
   0.63200
   0.23800
   0.12800
   0.24800
   0.21800
   0.37200
   0.11600
   0.99600
   0.10000
   0.36800
   0.18400
   1.25600
   0.40200
   1.70600
   0.73000
   0.21400
   0.16400
   0.08000
   0.31000
   1.79200
   0.12400
   0.81200
   0.59000
   0.15800
   1.58800
   0.48200
   0.50800
   0.11400
   0.62800
   0.67400
   0.04600
   1.24000
   0.44400
   0.06600
   1.29600
   1.19200
   0.47000
   0.40400
   0.78400
   3.19600
   0.98600
   0.39200
   0.34600
   1.35200
   0.44800
   1.77400
   1.29000
   0.78600
   1.01400
   2.20400
   0.05000
   0.19000
   0.22000
   0.26600
   0.15200
   0.94400
   0.15600
   0.18000
   0.19800
   0.38800
   0.35400
   0.34200
   0.15200
   0.72000
   0.34600
   0.28000
   1.57400
   0.31200
   1.60400
   0.41200
   0.35600
   0.04400
   0.25600
   0.34200
   1.53400
   0.51200
   0.36000
   1.72200
   0.09800
   0.87600
   0.86600
   1.27800
   1.40800
   1.04400
   0.39600
   0.37400
   0.43600
   0.44200
   0.21000
   0.52200
   0.98800
   0.24400
   1.59200
   0.22800
   0.43000
   0.43400
   1.56000
   0.12600
   0.69200
   0.47800
   0.46600
   0.24200
   0.44600
   1.02000
   0.58600
   0.39000
   0.07600
   0.68800
   0.08000
   0.31200
   0.52600
   0.03200
   0.43200
   0.39600
   0.15200
   0.75600
   0.30400
   0.13600
   1.93400
   0.14000
   0.06600
   0.21800
   1.25400
   0.84200
   0.25200
   0.26800
   0.25800
   0.85600
   1.86600
   0.04000
   0.18600
   1.49800
   0.99200
   0.65800
   0.30600
   1.39000
   0.10600
   1.00000
   0.66200
   0.86600
   0.58400
   0.37600
   1.05000
   2.99200
   0.02200
   1.18200
   0.70000
   1.21200
   0.67800
   0.96400
   0.23800
   0.09800
   0.92400
   0.07000
   1.44400
   0.29600
   0.23200
   0.33200
   0.10600
   0.08600
   0.53200
   0.21000
   0.61800
   0.24800
   0.06600
   0.20000
   0.28000
   0.52200
   4.09600
   0.80200
   0.89400
   0.17000
   1.36000
   0.35000
   0.34200
   0.11800
   0.50400
   0.52200
   0.88000
   0.08800
   0.23800
   0.06800
   0.33600
   0.05200
   0.28800
   0.36200
   0.55400
   0.21000
   0.22600
   0.72600
   0.82600
   1.44600
   0.24600
   0.26000
   1.28200
   0.33400
   0.78200
   1.16000
   0.29000
   0.47400
   0.24000
   0.14600
   0.47000
   0.20400
   0.16800
   0.03200
   1.33600
   2.27400
   0.20000
   0.26200
   0.40200
   1.33400
   0.08400
   0.89800
   0.08000
   0.21800
   0.29200
   0.24400
   0.95600
   0.59600
   0.20000
   0.37200
   0.61800
   0.33600
   1.38600
   0.56400
   1.37400
   0.33400
   0.41600
   0.44000
   0.04400
   0.64400
   0.36200
   0.19200
   0.18800
   2.06600
   1.43000
   0.28000
   0.08800
   0.25800
   0.38200
   0.13800
   0.87800
   1.52000
   0.34200
   0.30800
   0.16000
   0.04000
   0.78200
   0.43800
   0.18600
   1.55400
   0.52800
   0.07400
   0.14400
   0.36800
   1.62000
   0.39400
   0.11600
   0.31400
   0.04200
   0.53600
   0.19600
   0.64200
   0.53200
   0.52000
   0.54400
   0.55600
   0.30600
   0.09600
   1.37000
   0.13000
   0.23200
   0.10200
   1.91200
   0.62600
   0.62200
   0.16200
   0.22200
   0.22800
   1.54800
   0.20800
   0.25800
   0.49400
   1.45200
   0.04800
   0.19000
   0.17400
   0.09600
   0.28200
   0.19400
   0.89200
   0.19600
   0.84600
   0.44000
   0.82400
   0.38200
   1.16400
   1.31600
   0.11600
   0.30600
   4.03400
   0.15600
   2.23600
   1.27400
   0.35600
   0.55000
   0.15400
   0.12200
   0.33600
   1.25600
   0.25400
   1.68400
   0.45400
   0.80800
   0.94000
   0.47000
   0.48400
   1.09000
   1.90200
   3.27400
   1.08200
   0.46800
   0.85400
   0.08000
   0.23400
   0.71000
   1.48800
   1.60800
   0.26400
   0.32200
   0.95200
   0.18000
   0.18400
   0.06800
   0.56400
   0.51400
   0.17200
   0.68600
   0.32200
   1.04800
   0.14600
   0.26600
   0.12000
   0.44200
   0.34400
   1.71000
   0.29200
   0.13800
   0.18800
   1.48400
   0.27800
   0.27200
   0.94800
   3.05200
   0.27800
   0.51600
   0.17400
   0.25000
   0.64400
   0.11000
   1.69000
   2.70000
   0.75200
   0.16200
   0.26400
   0.46000
   0.78400
   0.07800
   0.07000
   0.14200
   0.55200
   0.25200
   0.22000
   0.02600
   0.19200
   0.31800
   1.83800
   1.35800
   0.19200
   1.87800
   2.67600
   0.11800
   0.80200
   0.60000
   1.14200
   1.00000
   1.00400
   0.13200
   0.30600
   0.59600
   0.11600
   0.53600
   0.52200
   0.18200
   1.61000
   0.06800
   0.11800
   1.74800
   0.32800
   1.36800
   3.07800
   0.22200
   0.39800
   0.35200
   0.95400
   0.46000
   0.71000
   0.64200
   0.45200
   1.59200
   0.60800
   0.32800
   1.27400
   0.26200
   0.42600
   1.93200
   0.25600
   1.18800
   0.28800
   0.04600
   0.37800
   1.71600
   0.50800
   0.30600
   2.33600
   0.34200
   0.61600
   0.31000
   0.20800
   0.24600
   0.37200
   0.31800
   1.17800
   1.54000
   0.29600
   0.21600
   0.56400
   0.52400
   0.28000
   0.18600
   0.21000
   0.08200
   0.87200
   0.17600
   0.60000
   0.20800
   0.98800
   0.81600
   0.19200
   0.31600
   0.85400
   0.48800
   0.28400
   0.26200
   1.00200
   1.15400
   0.78000
   0.18600
   0.31800
   0.44400
   1.11000
   0.44200
   1.15000
   0.21000
   0.31600
   0.81000
   0.19000
   0.60200
   0.93600
   2.23400
   1.11400
   1.38800
   1.16400
   1.46200
   0.70400
   1.50000
   0.66400
   0.41600
   0.75600
   0.22800
   0.74600
   0.84800
   0.33000
   0.33000
   0.17200
   0.37400
   0.90200
   0.57200
   0.41600
   0.82600
   0.12400
   0.45000
   0.25200
   0.64000
   0.21600
   0.75800
   0.28800
   0.30400
   1.57400
   0.74800
   0.27600
   0.61200
   0.10200
   0.44800
   0.83200
   0.04200
   0.08600
   0.09000
   0.08000
   1.28200
   0.52800
   0.87800
   0.27200
   0.12600
   1.48600
   0.35600
   0.38400
   0.53400
   0.21400
   0.28200
   0.67200
   0.61800
   0.13400
   0.34400
   1.97200
   0.21000
   0.37000
   0.26200
   0.40400
   0.74000
   0.05400
   0.27000
   0.08800
   0.23600
   0.24200
   0.25000
   0.44000
   1.06000
   1.39800
   0.18600
   0.14000
   0.34800
   0.40800
   0.23000
   1.48600
   0.21200
   0.49800
   0.77600
   0.61200
   0.09800
   0.32800
   0.44800
   0.51800
   0.10600
   0.05200
   0.27800
   0.36400
   0.19200
   0.44200
   0.44200
   0.50800
   0.75200
   0.45000
   0.53800
   1.39800
   0.19800
   0.26600
   1.09200
   0.12000
   0.75400
   0.45800
   0.08600
   0.39400
   0.18200
   0.93600
   0.83000
   0.59600
   0.36800
   0.41400
   0.45800
   0.60800
   0.29200
   0.57400
   0.17400
   0.34400
   0.16600
   0.09400
   0.09400
   0.15800
   1.28000
   0.78600
   0.18400
   0.65800
   0.05600
   0.26400
   1.11000
   0.34800
   0.23600
   0.15800
   0.79000
   0.69200
   0.41600
   0.37000
   0.05200
   0.22000
   0.35000
   0.28000
   1.06600
   0.40800
   0.02400
   0.23000
   0.91600
   0.38400
   0.53600
   0.41400
   0.26200
   0.16200
   1.38600
   0.59400
   0.14600
   0.29600
   0.83800
   0.53000
   0.22400
   1.41400
   1.88400
   0.69600
   1.20800
   0.27600
   1.24200
   0.30600
   1.07600
   0.44400
   1.34800
   1.78200
   0.17600
   0.79200
   0.15800
   0.16400
   0.25200
   0.87400
   0.58400
   0.82600
   0.45200
   1.84200
   0.96000
   0.76200
   0.33800
   0.71800
   0.17600
   0.39800
   0.53800
   0.46400
   0.15800
   0.13800
   0.30200
   0.70000
   0.47200
   0.45200
   0.78800
   0.50600
   0.22800
   0.41600
   0.49800
   0.43000
   0.90800
   0.82000
   0.46400
   0.07000
   1.46400
   0.69400
   0.75000
   1.63200
   0.81400
   1.45400
   0.04400
   0.72400
   0.70800
   0.95800
   0.21800
   0.69600
   0.26200
   0.55200
   0.39600
   0.88800
   1.23800
   0.20000
   0.08200
   1.22400
   0.38800
   0.44400
   0.87400
   0.57400
   1.41400
   0.68200
   0.75000
   0.28800
   0.53400
   0.08200
   0.43200
   0.50200
   0.07200
   0.26800
   0.29600
   0.33000
   0.14800
   0.39600
   1.16400
   1.07800
   0.49200
   0.05400
   0.84600
   0.56000
   0.23800
   0.08600
   0.35800
   0.33000
   0.34400
   0.19400
   0.19400
   0.19400
   0.83400
   0.52800
   0.06800
   0.23000
   0.61600
   0.12400
   0.35000
   0.51800
   0.36400
   0.84400
   0.53800
   0.19000
   0.30400
   0.32000
   0.28800
   0.65000
   0.75800
   0.28000
   0.51600
   0.55400
   0.16000
   0.08200
   0.20400
   1.68000
   0.42800
   0.96400
   0.11000
   0.85200
   0.13000
   0.47400
   0.37800
   0.24600
   0.66400
   0.18200
   0.84400
   0.23800
   0.76800
   0.20800
   0.50400
   1.43200
   2.14000
   0.08000
   1.49800
   0.64400
   0.16600
   0.36400
   0.31400
   0.05800
   0.31000
   0.29200
   0.50600
   0.24400
   0.43000
   0.62200
   0.16200
   0.11600
   0.54600
   0.46200
   0.20600
   0.44400
   0.19600
   0.05800
   0.36400
   1.37000
   0.97600
   0.32400
   0.98400
   2.05600
   0.09800
   0.28000
   1.66200
   0.35000
   0.04600
   0.42600
   1.53400
   0.39200
   0.71200
   0.16000
   0.03800
   0.89200
   0.55000
   0.14800
   0.31800
   0.92800
   0.77800
   0.03400
   0.13000
   0.42600
   0.43200
   0.26200
   0.41800
   0.76000
   0.80600
   0.50200
   0.30800
   0.31600
   0.09200
   0.42000
   1.68200
   1.18800
   2.10400
   0.47800
   0.95400
   0.53400
   0.25200
   0.73600
   0.12000
   2.15800
   0.49000
   0.44200
   0.69400
   2.26200
   0.29600
   0.26000
   0.19200
   0.60800
   0.09000
   0.66800
   0.44600
   0.19000
   0.35400
   0.10400
   0.80000
   1.26000
   1.19600
   0.71800
   0.93800
   0.92400
   0.42400
   0.39200
   1.69200
   2.66600
   0.49200
   0.36000
   0.68800
   0.54600
   0.98000
   0.21400
   0.36800
   0.40800
   0.10600
   0.11000
   0.77000
   0.81200
   0.25800
   0.66600
   0.18400
   0.15600
   0.13000
   0.96200
   0.59200
   0.85600
   0.22000
   0.70600
   0.35000
   0.92800
   0.50400
   0.15800
   0.12600
   0.43000
   0.24400
   0.81000
   0.23600
   0.13800
   0.50600
   0.46000
   0.16200
   1.47200
   1.17800
   0.57800
   0.02800
   0.56000
   0.53600
   0.76400
   1.30000
   0.19000
   0.82800
   0.17200
   0.12800
   0.12600
   1.44000
   0.24000
   1.19800
   0.31000
   1.01200
   0.77800
   0.53400
   0.44400
   0.65800
   0.02000
   0.53200
   0.08400
   0.46800
   0.14800
   1.95800
   0.01200
   1.10000
   0.26800
   0.10400
   0.26200
   0.39200
   0.22800
   0.35600
   0.50800
   0.89600
   0.39400
   0.98000
   2.11600
   0.19800
   0.47600
   0.55200
   0.55400
   0.46400
   1.07200
   0.31000
   0.27200
   0.20200
   0.26200
   1.16400
   0.13800
   0.13400
   1.04600
   0.08800
   1.05400
   0.06800
   0.84000
   0.32000
   1.63200
   1.42600
   0.25800
   0.54600
   0.82600
   0.16000
   0.99200
   0.25000
   1.57800
   0.65200
   0.70800
   0.09000
   0.52000
   1.18600
   1.06000
   0.14800
   0.57200
   0.08000
   0.23800
   0.16800
   0.29400
   0.61400
   2.30800
   0.42600
   0.56000
   1.78000
   0.70400
   0.32600
   0.43600
   0.59800
   0.27000
   0.25600
   1.12000
   0.49000
   0.46800
   2.76200
   0.21200
   0.41400
   0.20200
   0.53400
   0.49200
   0.49800
   0.54800
   0.88000
   0.14400
   0.58800
   2.64200
   0.08600
   0.72000
   0.04800
   0.79000
   0.23600
   0.22400
   0.38400
   0.18800
   1.47800
   1.23000
   0.17000
   0.68600
   0.36800
   1.05600
   0.74000
   0.17800
   1.08600
   0.12800
   0.39200
   0.44400
   0.64800
   0.80000
   0.32000
   0.38400
   0.81800
   0.46200
   1.43400
   0.08000
   1.16200
   0.13400
   0.48200
   0.25400
   1.46200
   0.31400
   0.98200
   0.05400
   0.17400
   0.82600
   0.45000
   1.30800
   0.18000
   0.48600
   0.22200
   0.12000
   0.09800
   0.15600
   0.47000
   0.11000
   0.18600
   0.32400
   0.31400
   0.12800
   0.28400
   0.61000
   0.11200
   0.74600
   0.39600
   0.17200
   0.60000
   0.57800
   0.24600
   0.18200
   0.20000
   2.17000
   0.17200
   1.99200
   0.41600
   0.12200
   0.64400
   0.96400
   0.90600
   0.46400
   1.34600
   0.08800
   1.14400
   0.70000
   0.17400
   0.14800
   0.41200
   0.10200
   0.13000
   0.21000
   0.24200
   0.88200
   0.49200
   0.23400
   0.56200
   1.24400
   0.17200
   0.48200
   0.57800
   0.99000
   0.41800
   0.46400
   0.12600
   0.16400
   0.70000
   0.27000
   0.12800
   0.21800
   0.43800
   0.13200
   0.90600
   0.70200
   1.34000
   0.09800
   0.34200
   0.28800
   1.77800
   0.34800
   1.86400
   0.86400
   0.17400
   0.38200
   0.67800
   0.86400
   0.44400
   1.60800
   0.06800
   0.22200
   0.28400
   0.55000
   0.84800
   0.09200
   0.58400
   1.14600
   0.42400
   0.26400
   0.62600
   0.10200
   0.12200
   0.68800
   0.04800
   0.82000
   0.29000
   0.19800
   2.19400
   0.88000
   0.72800
   0.27800
   0.89400
   0.48800
   1.37600
   0.39200
   0.41400
   0.79600
   1.52000
   0.22800
   1.13800
   0.78600
   0.71800
   0.25600
   0.84600
   0.06800
   0.15000
   0.30200
   0.98200
   0.66800
   0.23200
   0.49600
   0.40000
   0.14800
   1.80800
   0.15000
   0.37600
   0.92800
   0.84200
   1.89600
   0.83000
   0.06200
   0.37000
   0.66200
   0.88400
   0.10600
   0.53200
   0.95000
   0.14200
   0.30200
   0.14400
   0.13400
   0.24400
   0.84600
   0.04600
   0.27800
   0.32800
   0.04400
   0.09800
   0.28800
   0.58200
   0.23400
   0.15000
   0.40400
   0.49600
   1.61000
   0.55600
   0.49800
   0.09600
   0.24800
   0.21600
   0.32800
   0.34200
   0.22600
   1.41200
   0.91200
   0.88400
   0.98600
   0.23600
   0.75000
   0.09200
   0.27800
   0.09200
   0.30000
   0.69200
   0.34400
   0.23400
   0.37400
   0.72200
   0.43600
   1.46600
   0.95800
   0.92200
   0.41600
   0.22200
   0.32600
   0.04800
   0.97800
   0.39800
   0.36400
   0.29800
   0.18200
   1.22400
   1.08600
   0.35400
   0.75800
   0.80600
   0.59800
   0.41600
   0.01800
   0.48800
   0.05400
   0.40000
   0.68800
   0.21200
   0.59200
   0.15200
   0.03400
   0.49400
   0.63800
   0.24800
   0.54400
   0.25200
   0.29000
   0.18200
   0.08200
   0.41000
   0.17600
   0.21400
   0.06800
   0.23600
   1.10800
   0.15400
   0.67200
   0.67600
   0.20200
   0.30000
   2.09600
   0.15000
   0.66600
   1.10600
   0.93200
   0.05400
   0.29200
   0.37000
   0.07200
   0.41000
   0.16000
   0.19600
   0.51800
   0.86800
   1.34800
   1.05600
   0.18000
   0.91400
   3.52400
   0.14000
   0.33200
   0.39600
   0.18200
   0.20400
   0.47600
   1.27600
   0.41400
   0.15200
   0.44800
   0.14000
   0.40800
   0.06400
   0.29400
   1.01000
   0.09000
   1.09800
   0.15000
   0.18000
   0.19400
   1.05800
   0.09800
   0.32600
   0.36000
   0.37000
   1.10000
   0.19400
   0.13200
   0.19200
   0.10800
   1.12600
   0.33600
   0.20000
   0.59800
   0.70200
   1.19000
   0.17800
   0.18800
   0.28400
   0.18600
   0.84400
   0.85200
   0.96600
   0.20600
   0.16000
   0.11400
   1.10600
   0.18000
   1.40600
   0.68000
   0.69200
   0.60200
   0.49800
   0.51400
   0.81400
   0.38600
   0.10800
   1.08600
   0.08200
   0.33400
   0.43400
   0.48600
   0.16200
   0.13000
   0.57600
   0.17200
   0.13400
   1.28400
   0.91800
   0.23200
   0.35200
   0.20400
   0.51400
   0.14400
   0.36200
   0.12800
   0.11800
   0.43800
   0.06800
   0.80400
   0.33000
   0.11000
   1.57600
   0.16600
   0.75400
   0.41400
   2.57600
   0.20800
   1.74400
   0.22400
   0.40200
   1.08800
   1.04200
   0.98000
   0.34600
   0.50000
   0.37600
   1.72000
   0.53800
   2.19600
   0.97200
   0.52400
   0.52400
   0.44000
   0.74800
   1.51200
   0.50200
   0.30400
   1.16600
   0.48000
   0.47400
   0.70000
   2.11000
   1.13600
   0.20400
   0.17600
   0.02400
   1.39800
   0.08800
   0.71200
   2.64800
   0.28800
   0.80200
   0.28600
   0.25800
   0.16400
   1.01600
   0.38200
   0.99800
   0.28200
   0.05600
   0.77400
   0.21200
   1.05800
   0.20800
   0.21200
   0.16000
   0.07200
   0.18400
   0.65000
   0.15600
   0.20000
   0.42400
   0.89800
   0.73200
   0.91000
   0.24000
   0.21400
   0.55600
   0.39000
   0.14800
   0.19200
   0.53400
   0.31400
   0.22800
   0.73000
   0.94400
   0.95800
   1.87200
   0.63800
   1.26200
   0.35600
   0.53800
   0.14600
   0.27000
   0.51800
   2.49200
   0.23800
   0.08600
   0.27600
   0.49000
   0.43000
   0.18000
   0.71800
   2.02400
   0.17400
   0.58600
   0.25600
   0.69400
   0.77200
   0.80800
   1.86400
   0.30800
   0.16200
   0.75200
   1.10600
   1.48800
   0.64600
   0.58200
   0.31600
   1.39600
   0.18600
   0.19800
   0.05600
   2.21400
   0.18600
   0.25000
   0.15800
   0.96800
   1.04400
   0.24800
   0.31000
   0.06800
   0.14800
   1.01400
   0.13000
   0.53200
   0.19200
   0.18800
   0.66600
   0.09800
   0.37400
   0.93000
   0.18800
   1.06400
   0.97800
   0.24000
   0.06400
   1.58200
   0.24800
   0.41200
   0.42600
   2.20800
   0.09000
   0.18600
   0.40400
   0.04600
   1.23800
   0.32400
   0.15600
   0.68400
   0.21000
   0.06400
   0.51600
   0.03800
   0.68600
   1.03600
   1.14400
   0.41400
   0.02400
   0.75400
   0.84600
   1.40800
   0.14000
   0.42000
   0.35000
   0.64000
   0.16000
   1.29000
   2.34200
   1.01200
   0.37400
   0.46600
   0.08400
   0.58600
   1.00000
   0.09200
   1.04600
   0.16800
   0.23200
   1.53800
   0.44200
   0.21000
   1.08200
   0.68200
   0.39800
   1.38000
   0.10800
   1.14800
   0.39800
   0.06600
   1.19000
   0.61600
   0.36000
   0.13200
   2.60600
   0.38200
   0.61800
   0.23800
   0.14000
   0.10000
   0.63000
   0.67800
   0.19200
   0.37000
   2.36200
   0.12600
   0.17200
   0.46800
   0.63000
   0.54600
   0.93800
   0.11200
   0.50000
   0.32800
   0.56000
   0.11000
   3.92200
   0.69000
   0.80800
   0.79600
   0.50600
   0.16800
   0.70800
   0.05200
   0.25600
   0.56000
   0.15200
   0.10000
   0.40400
   1.30400
   0.72600
   0.39000
   0.63400
   1.19800
   0.06200
   0.25000
   0.33000
   1.01400
   0.74600
   0.59800
   0.30600
   0.61200
   0.37000
   0.06000
   0.87400
   0.26000
   0.03200
   0.52000
   0.33000
   0.66200
   0.39600
   0.18000
   0.39000
   0.69000
   1.18400
   1.02600
   0.61200
   0.11000
   0.22600
   0.51600
   0.12600
   0.33400
   0.23000
   0.43600
   0.71200
   0.61200
   0.06800
   0.12800
   0.08800
   0.48800
   0.79000
   0.60800
   1.23200
   0.36400
   0.19600
   0.25200
   0.25600
   0.12200
   0.17600
   0.19600
   0.58600
   0.20600
   0.29000
   0.74400
   0.16800
   0.13600
   0.35800
   0.32000
   0.81000
   0.23600
   0.35400
   0.37000
   0.79400
   0.14000
   0.19200
   0.45800
   0.54600
   0.20400
   0.37800
   0.54600
   0.96600
   0.44000
   0.46800
   0.85400
   0.20600
   0.67200
   0.32800
   0.52000
   0.22800
   1.02600
   0.86800
   0.70200
   0.25200
   0.64400
   0.77600
   0.82800
   0.60000
   0.06000
   0.40200
   0.77200
   0.94400
   0.36600
   0.23000
   1.48200
   0.18200
   0.64600
   0.59200
   0.17800
   0.10600
   0.25200
   1.78800
   0.39200
   0.62400
   0.89000
   0.09000
   0.59400
   0.14400
   0.34800
   0.50000
   0.22600
   0.86800
   0.35200
   0.75400
   1.05600
   1.09600
   0.23200
   0.30400
   0.69600
   0.62600
   2.89400
   1.22200
   2.01800
   0.25200
   0.18600
   2.17200
   0.12600
   0.39000
   1.51400
   0.51400
   0.35400
   1.15200
   0.53800
   0.17200
   0.40600
   1.75400
   0.30200
   0.12000
   1.25800
   0.17600
   1.06200
   0.30600
   0.09600
   0.70400
   0.12400
   1.56600
   0.18800
   0.20600
   0.20400
   0.21600
   2.37200
   0.16000
   0.73600
   0.31800
   0.85800
   0.09200
   0.44800
   0.31200
   0.34400
   1.78800
   0.94400
   0.26800
   0.49400
   0.41200
   0.66400
   0.20800
   0.07000
   0.33800
   2.01400
   0.97200
   1.05000
   0.58800
   0.64400
   0.34600
   0.26400
   1.02000
   0.19600
   0.17400
   1.32600
   0.17200
   0.11000
   0.78000
   1.26400
   1.38600
   0.49400
   0.20000
   0.66400
   0.74000
   0.24400
   1.17800
   0.92600
   0.04800
   0.14600
   0.29400
   0.99600
   0.22600
   0.49800
   0.38200
   1.02600
   0.32400
   0.99800
   0.04200
   1.64800
   0.38600
   1.87800
   0.07800
   0.74600
   0.17800
   0.96000
   1.13800
   0.54800
   0.31600
   0.11400
   0.44400
   2.10200
   1.26000
   0.23600
   0.73400
   0.14800
   0.73400
   0.47200
   0.29600
   0.23200
   0.13000
   1.80800
   3.54200
   0.70000
   1.93400
   1.72000
   0.18400
   0.15600
   0.82400
   0.60800
   0.20600
   0.16800
   1.14200
   1.77800
   0.46200
   1.32000
   0.25800
   0.10000
   0.71600
   2.69600
   0.40400
   0.26800
   0.38200
   0.11000
   0.14400
   1.27000
   0.09600
   0.10200
   0.26200
   0.65800
   0.08400
   0.22400
   0.04000
   1.06600
   0.56800
   0.46800
   0.26400
   0.98200
   1.27800
   0.34600
   0.42800
   0.23800
   0.05000
   0.38200
   0.44000
   1.04200
   0.04000
   0.07800
   0.66000
   0.25800
   0.24400
   0.60800
   0.43400
   0.21400
   0.43000
   0.27400
   3.01600
   0.20800
   0.14000
   0.37400
   0.12600
   0.12200
   0.86200
   0.51600
   0.83800
   0.39000
   0.35400
   0.71000
   0.30400
   0.50200
   0.14000
   0.09800
   0.04400
   0.41400
   0.45400
   0.08000
   0.18600
   0.10000
   0.22600
   0.06400
   0.38600
   0.95800
   1.45600
   0.57800
   1.39200
   0.18800
   0.21400
   0.94400
   0.39200
   0.92600
   0.67600
   0.18800
   1.05600
   1.82400
   0.76400
   1.00800
   1.02400
   0.86000
   0.27200
   0.30000
   0.12400
   0.57600
   0.40000
   0.96000
   0.10400
   1.42600
   2.26400
   0.14400
   0.12400
   0.85800
   0.10200
   0.40600
   0.57800
   0.35000
   0.14000
   0.36600
   1.35200
   0.05200
   0.03800
   0.09200
   0.74200
   0.33200
   1.61600
   0.64600
   0.66800
   0.32800
   0.70800
   0.45200
   0.54800
   0.65200
   0.67400
   1.08000
   0.28800
   0.31800
   1.06200
   0.15400
   0.25800
   0.85000
   1.60200
   0.26000
   0.43600
   0.19800
   1.29800
   0.73000
   0.31600
   0.57600
   0.11400
   0.99200
   0.44200
   1.22400
   0.16800
   0.85600
   0.21000
   0.08800
   2.42000
   0.31600
   0.35400
   0.25400
   0.67200
   0.08000
   0.54800
   0.08400
   0.19800
   0.32800
   0.29800
   1.01200
   1.27200
   0.14200
   0.25200
   0.34600
   0.33200
   0.74200
   1.68200
   0.65000
   0.08600
   0.20600
   0.06600
   0.15400
   0.08200
   0.25400
   0.65200
   1.00800
   0.40200
   0.17600
   0.74000
   0.14400
   2.15000
   1.27600
   0.20000
   0.17600
   0.39400
   0.25200
   2.47800
   0.69400
   0.25000
   0.45200
   0.29800
   0.45800
   0.44200
   1.46400
   3.83800
   0.85200
   0.33000
   0.22000
   1.03400
   0.23200
   0.21000
   0.63400
   0.57600
   1.15000
   0.94400
   0.81400
   0.19800
   0.89600
   0.11600
   0.55600
   1.14400
   0.70600
   0.19600
   0.62600
   2.29200
   0.18800
   1.68200
   0.27400
   0.95000
   0.04200
   0.40800
   0.25200
   0.56800
   0.35600
   0.53400
   0.73600
   0.19400
   0.41200
   0.25200
   0.74800
   0.24200
   0.23200
   0.14800
   0.33400
   0.05200
   0.07400
   1.52600
   0.14000
   0.49000
   0.05400
   1.04600
   0.65200
   1.54600
   0.25400
   0.16400
   0.93600
   0.13600
   0.35400
   0.21600
   0.31600
   0.59600
   0.78800
   0.73200
   0.10800
   0.20600
   1.17800
   0.47400
   0.21400
   0.11800
   0.46000
   0.45600
   0.07400
   1.17800
   0.50600
   0.09400
   0.44400
   0.95400
   0.23200
   0.50200
   0.40400
   0.25800
   0.21000
   0.36600
   0.08200
   0.16800
   0.60000
   0.15800
   0.70000
   0.36000
   0.58000
   0.12600
   0.66200
   1.56000
   0.67800
   0.19800
   2.33200
   0.91600
   0.38400
   0.22400
   0.46000
   0.07000
   0.06000
   0.63400
   0.08800
   0.31400
   0.34400
   0.21800
   1.20800
   0.07800
   0.95800
   0.63800
   0.33800
   1.67000
   0.50800
   1.03800
   0.36000
   0.06200
   1.86800
   0.37200
   0.65600
   0.51600
   0.98000
   0.74400
   0.19200
   0.76600
   0.14200
   1.44400
   0.13200
   0.76200
   0.33400
   0.62200
   0.12600
   0.10800
   0.64400
   1.99400
   0.94400
   0.86800
   0.65200
   0.09400
   0.95400
   0.34200
   0.12200
   0.91200
   0.30400
   0.08200
   0.18400
   0.30200
   1.16000
   0.16600
   0.44000
   0.58000
   0.43400
   0.34000
   0.46800
   0.11000
   0.72200
   0.14800
   0.57000
   0.67400
   0.29200
   0.22800
   0.32600
   1.41400
   0.54200
   0.14800
   0.32600
   0.28800
   0.18400
   0.53200
   1.06200
   0.73600
   0.93600
   1.14600
   0.61200
   0.39800
   0.75200
   0.27800
   0.24000
   0.34400
   0.31200
   0.14200
   0.40800
   0.43000
   1.00800
   0.67800
   1.90000
   0.55400
   0.18200
   0.20400
   0.53200
   0.14800
   0.53800
   0.10400
   0.84400
   0.29800
   0.07800
   0.54200
   0.71000
   0.45000
   1.11400
   0.40400
   0.12800
   0.55000
   0.27600
   0.69000
   0.21000
   0.93200
   0.07400
   0.38600
   0.74600
   0.55000
   0.09400
   0.40600
   0.92600
   0.15800
   0.63600
   2.97800
   0.12400
   0.41200
   0.40200
   0.94200
   0.26600
   0.13600
   0.33400
   0.97000
   1.14200
   0.05600
   2.35600
   0.57400
   0.04600
   1.48200
   0.29200
   0.59400
   0.34400
   0.51000
   1.07000
   0.54200
   0.29000
   0.10400
   1.01400
   0.18200
   0.68000
   1.45600
   2.05000
   0.48000
   0.36800
   0.38200
   0.07200
   0.17200
   0.44800
   0.34400
   0.17600
   0.43800
   0.48200
   0.42000
   1.41600
   0.81800
   0.80800
   0.35600
   2.79000
   1.10400
   0.68600
   0.06200
   0.23800
   0.17600
   0.35600
   0.38200
   0.37200
   0.72400
   0.21400
   0.68800
   0.11000
   0.87200
   0.14800
   0.06600
   1.50400
   0.50000
   0.35200
   0.78600
   0.03200
   0.89000
   0.28400
   0.44000
   0.17000
   0.72600
   0.33000
   0.20800
   0.43000
   0.83600
   0.59800
   0.05400
   0.36400
   0.13800
   0.44400
   0.41400
   0.14200
   0.46400
   0.86400
   0.73400
   0.25600
   0.17200
   0.02200
   0.47600
   1.14400
   0.13200
   0.24600
   0.17400
   0.11200
   0.80800
   0.57200
   0.45400
   0.70000
   2.84200
   0.01800
   0.15400
   0.41000
   0.83200
   1.13200
   0.62600
   0.29600
   0.18800
   0.66200
   1.00200
   0.53400
   0.20000
   0.07400
   0.23200
   0.32600
   0.20800
   1.09000
   0.23200
   0.23400
   0.07800
   2.16400
   0.19000
   0.97800
   0.30800
   0.18000
   0.08600
   0.25600
   0.23800
   0.11400
   0.90200
   0.36000
   0.13800
   0.97200
   0.91200
   0.24200
   0.30000
   0.44800
   0.29600
   0.13600
   0.70800
   1.43200
   1.25800
   0.39600
   0.31400
   0.43800
   0.42000
   0.60400
   0.07000
   0.60600
   1.60400
   0.42800
   0.28400
   0.44200
   0.60600
   0.51400
   0.15400
   0.32600
   0.25000
   0.16200
   0.17800
   0.32200
   0.29800
   0.16200
   0.22800
   0.77200
   0.58600
   0.82600
   0.44400
   0.21800
   0.12400
   0.18600
   0.74200
   0.51600
   0.57600
   0.31600
   0.66800
   0.06000
   0.30800
   1.58000
   0.24600
   0.96600
   1.92200
   0.15200
   3.50800
   0.63000
   0.88400
   0.06200
   0.47400
   0.57200
   0.17000
   0.07600
   0.70800
   0.99000
   0.36800
   0.16800
   0.35200
   1.61400
   0.51600
   0.03800
   0.52800
   0.85000
   0.15000
   0.15000
   0.63600
   0.12400
   0.32200
   0.89200
   0.22200
   0.19000
   0.39400
   0.51000
   0.25400
   0.15800
   0.69200
   0.82200
   0.72600
   0.41400
   1.02000
   0.08400
   0.05400
   1.02600
   1.22600
   0.13200
   0.09400
   0.53000
   0.20400
   0.10200
   0.35600
   0.50200
   0.28400
   0.29000
   0.08400
   0.60800
   0.85400
   0.21200
   0.14000
   0.04000
   0.18000
   0.50600
   0.37400
   0.29200
   0.41400
   0.06000
   0.19400
   0.17600
   1.85600
   0.06200
   0.50000
   1.81800
   0.16600
   0.08000
   0.56600
   1.36400
   0.20800
   0.32800
   0.31200
   0.61000
   1.80400
   0.26400
   0.11000
   0.78400
   0.06600
   0.31000
   0.36600
   0.47000
   0.24600
   0.27000
   0.23800
   0.97200
   0.28600
   1.15200
   1.14600
   0.09600
   1.45600
   0.12200
   0.53800
   0.36200
   0.57200
   0.12400
   0.86800
   0.81600
   0.04400
   2.74400
   1.01000
   0.31000
   0.50000
   0.45600
   0.08400
   0.21000
   0.28000
   0.32200
   1.06000
   0.10000
   0.54000
   0.12200
   0.41000
   0.10400
   1.45800
   0.67000
   0.31200
   0.48000
   0.33000
   0.79000
   0.71200
   0.24600
   0.25000
   0.57000
   0.12200
   0.96400
   0.19000
   1.48000
   0.35200
   1.00600
   0.79200
   0.25400
   0.08600
   0.53400
   0.11200
   1.12200
   1.18000
   0.21600
   0.38400
   1.45000
   0.20600
   0.16000
   0.51200
   0.24200
   0.31600
   0.24400
   0.48200
   0.05400
   0.45600
   0.89600
   1.25600
   1.12800
   0.14400
   0.08000
   0.08800
   0.55200
   1.25800
   0.05600
   0.62000
   0.84400
   0.08000
   0.35000
   0.11000
   0.42400
   0.13600
   0.36400
   0.57400
   0.15400
   0.13400
   0.03400
   0.57200
   0.98400
   0.06400
   0.96800
   0.09400
   0.25200
   1.73600
   1.81200
   0.76200
   2.35000
   1.37000
   0.50400
   1.67400
   0.30200
   0.47200
   0.12000
   1.62400
   0.50200
   0.19800
   1.86600
   1.03600
   1.01000
   0.06000
   0.68000
   0.68400
   2.57400
   0.17400
   0.26800
   1.26200
   0.24400
   0.53400
   0.47800
   0.19200
   1.09200
   1.43800
   0.07600
   2.50600
   0.86800
   0.26400
   0.66200
   0.04800
   0.40000
   0.51200
   0.37000
   0.43400
   1.17200
   0.15000
   0.63200
   0.09400
   0.42200
   0.23800
   1.09800
   0.41000
   0.24400
   0.14400
   1.76000
   1.46200
   0.12000
   0.55600
   0.49400
   0.25600
   0.49800
   1.12800
   1.24200
   0.40400
   0.66800
   1.01600
   1.79000
   0.35000
   0.87800
   0.13000
   0.09000
   0.90600
   0.51000
   0.63200
   0.19600
   0.30200
   0.09200
   0.48400
   0.39800
   0.34800
   1.17200
   0.18200
   1.47200
   0.17000
   0.14400
   0.30200
   1.49600
   1.13000
   0.28400
   0.39600
   1.16400
   0.44600
   0.25400
   0.57000
   0.30200
   0.46600
   0.44600
   0.14800
   1.54400
   0.13800
   0.44200
   0.78600
   0.26800
   0.97600
   0.49000
   0.18400
   0.22000
   0.06200
   0.65800
   0.16600
   1.05600
   0.74600
   0.54800
   0.25600
   0.85200
   0.09200
   2.11800
   0.70200
   0.47200
   0.11200
   0.20000
   1.45800
   0.83600
   0.75200
   0.93600
   0.93000
   0.96000
   0.11400
   2.17800
   0.62600
   0.99000
   0.09000
   0.31800
   0.28800
   0.52800
   0.36600
   0.28600
   0.76800
   0.09200
   1.15400
   0.33400
   0.18600
   0.80000
   0.08200
   0.40000
   0.67200
   0.61200
   0.02400
   0.93600
   0.62600
   0.23000
   0.49200
   0.08800
   0.36600
   0.11800
   1.50600
   1.49000
   0.18600
   0.19200
   0.46000
   0.90000
   0.16400
   0.95200
   0.19800
   0.98800
   0.61200
   0.03800
   0.37200
   0.75200
   0.16200
   1.21400
   0.19800
   0.12200
   0.13800
   1.37400
   0.12200
   0.82800
   0.21600
   0.19200
   0.13600
   0.08600
   0.40200
   1.50600
   1.87000
   0.55600
   0.76200
   0.82800
   0.52800
   0.13600
   0.59200
   1.67800
   0.40800
   0.20200
   0.13000
   0.24000
   0.28600
   1.52400
   0.15400
   0.35600
   0.05800
   0.45600
   0.33000
   0.54000
   0.35600
   0.94600
   0.02800
   0.20200
   0.91600
   0.13400
   0.39000
   1.22800
   0.15600
   0.51400
   0.87200
   0.51400
   0.16800
   0.23400
   0.11800
   0.85800
   0.38600
   1.73600
   0.16400
   1.68800
   0.21000
   0.13600
   1.15600
   0.22400
   0.72800
   0.38200
   1.56600
   0.10600
   1.89200
   0.29400
   0.56600
   0.10400
   0.16200
   0.08200
   0.17800
   0.18000
   0.22400
   0.33000
   1.41000
   1.20400
   0.11000
   0.44200
   0.31200
   0.20000
   1.21200
   1.04000
   0.09400
   0.60400
   1.44600
   0.37000
   0.05600
   0.34000
   1.29400
   0.45800
   0.64000
   0.46800
   0.54600
   1.01000
   0.34000
   0.58400
   1.86200
   0.50600
   0.32000
   0.10800
   0.16200
   0.07800
   1.45400
   0.11800
   0.34200
   0.33800
   0.44800
   0.21600
   1.88200
   0.61000
   0.68800
   0.24600
   0.52200
   1.22000
   1.63400
   0.48800
   0.77600
   0.42600
   0.68400
   0.65000
   0.69600
   0.22400
   0.96400
   0.12000
   0.88600
   0.44600
   0.48200
   0.28600
   0.78000
   0.60400
   0.07400
   0.79600
   0.14200
   0.81800
   0.09200
   1.13400
   1.13800
   1.01600
   0.08200
   0.32600
   0.76400
   0.16400
   1.06400
   0.44200
   0.92400
   0.28000
   0.11800
   0.47000
   0.76000
   0.04400
   0.50400
   0.34400
   0.36200
   1.58000
   0.12200
   1.09600
   0.98600
   0.06800
   0.10400
   1.32400
   0.53200
   0.34000
   0.17600
   0.27400
   0.44200
   0.24400
   0.22200
   1.04000
   0.18600
   1.00600
   0.10800
   0.43400
   0.14800
   0.93400
   0.22200
   0.66800
   0.18600
   0.65800
   1.93200
   0.20600
   0.25000
   0.91600
   0.13600
   0.06400
   0.93000
   1.00800
   0.19000
   0.14800
   0.22800
   0.33600
   0.36200
   0.71400
   0.28800
   0.90800
   0.48800
   0.58000
   0.65000
   0.70200
   0.91400
   0.09600
   0.37000
   0.26000
   0.21400
   0.17000
   1.11200
   0.06400
   0.12800
   1.40000
   0.59400
   1.37000
   0.15000
   0.26600
   0.18400
   0.33600
   0.18000
   0.74200
   0.29000
   0.88400
   0.06400
   0.73600
   0.82000
   0.38000
   0.56200
   1.30400
   0.06600
   0.11400
   0.90000
   1.25400
   0.67200
   0.62000
   0.89600
   0.41600
   0.33600
   0.35800
   0.16000
   0.05000
   0.46200
   1.39800
   0.92000
   0.22800
   0.20000
   0.91000
   2.22400
   0.25000
   0.40600
   0.79000
   1.14000
   0.53000
   2.26400
   0.53000
   1.35400
   0.10600
   0.17200
   1.01400
   1.81600
   0.64000
   0.26800
   2.10200
   0.53600
   0.78400
   1.81400
   0.79200
   0.06800
   0.50800
   0.60600
   0.19600
   0.08800
   0.33000
   0.40400
   0.35400
   0.71400
   0.06800
   0.78800
   0.76800
   0.24800
   0.08000
   0.35600
   0.47400
   1.41600
   0.31200
   1.76000
   0.43800
   0.29000
   0.13200
   0.41200
   0.64200
   0.31800
   0.21400
   0.54200
   0.68200
   0.37800
   1.41800
   0.22400
   0.69600
   0.62600
   0.36200
   0.69400
   0.56400
   0.88200
   0.23600
   0.38000
   0.84200
   0.17800
   0.95800
   0.34400
   1.54400
   2.23200
   0.54600
   0.18400
   0.17400
   1.05000
   0.18000
   0.25400
   0.34200
   0.91400
   0.67200
   0.11400
   0.93800
   0.02200
   0.38000
   0.89400
   1.35200
   0.25400
   1.22600
   0.34000
   0.36600
   0.66400
   0.21600
   0.78400
   0.19400
   0.18200
   0.06800
   0.19000
   0.40600
   0.12400
   0.32200
   0.19200
   0.31600
   0.09600
   0.76600
   0.05800
   0.17600
   1.62600
   0.39600
   1.46000
   0.40000
   0.18200
   0.67400
   0.74800
   0.74000
   0.15200
   0.12400
   0.10000
   0.64400
   0.10200
   0.18600
   0.17800
   1.00800
   0.95200
   0.29800
   0.18000
   0.33200
   1.17200
   0.64600
   0.22400
   0.15400
   0.56400
   0.17800
   1.53000
   0.51000
   0.37400
   0.57000
   0.57200
   1.07800
   0.73400
   0.99400
   0.65400
   0.54400
   0.45800
   0.19800
   0.67800
   1.09200
   0.24200
   3.22000
   0.19800
   0.50000
   0.41000
   0.21600
   0.18000
   1.14400
   0.34600
   0.18400
   0.80400
   0.64600
   0.31600
   0.06200
   0.11600
   0.69800
   0.77200
   0.22400
   0.15200
   1.33000
   0.28200
   0.28800
   0.53800
   0.10200
   0.41400
   0.55000
   1.05400
   0.32200
   0.18400
   0.92800
   0.54600
   0.91400
   0.22800
   0.25800
   0.45800
   0.48400
   1.07000
   1.06000
   0.69000
   0.20200
   0.27200
   0.08600
   0.23600
   0.45200
   1.03400
   0.73400
   0.51800
   0.21400
   0.27600
   0.16600
   0.87800
   0.41400
   1.97800
   0.41200
   0.40800
   0.09800
   0.20600
   0.13800
   0.19000
   0.11600
   0.46200
   0.09000
   0.16800
   1.14400
   0.31800
   0.24200
   0.80400
   0.12200
   0.96200
   0.22600
   1.29400
   0.13800
   0.98000
   0.32000
   0.07200
   0.71000
   0.29000
   0.63800
   0.13200
   0.36000
   0.33400
   0.44800
   2.29400
   0.39200
   0.56200
   0.33200
   0.64400
   2.63800
   0.60200
   0.82400
   0.10800
   0.36600
   0.61800
   0.42800
   0.03800
   0.41600
   0.06200
   0.40800
   0.61400
   0.09000
   0.44000
   0.20600
   0.24400
   0.41200
   0.51200
   0.93800
   0.52200
   0.32200
   0.84000
   0.72000
   0.61400
   0.77600
   0.25200
   0.05200
   0.69800
   0.84400
   0.32400
   0.25800
   0.11400
   1.59600
   0.08600
   0.60200
   0.37600
   1.05800
   0.25600
   0.45800
   0.21800
   1.08200
   2.36600
   1.66400
   0.18400
   0.27000
   0.51600
   0.26400
   0.67800
   0.92000
   0.74000
   0.43800
   3.44400
   0.29800
   0.19200
   0.25400
   0.10600
   0.37000
   1.29200
   0.31000
   0.23200
   0.33200
   0.54800
   0.14200
   0.38400
   0.48200
   0.36200
   0.60400
   0.32200
   0.51400
   0.80600
   0.14400
   0.28600
   0.28200
   0.26800
   0.34000
   0.25600
   0.17400
   0.53400
   0.84800
   0.23800
   0.38000
   0.44000
   0.18200
   0.17400
   1.02000
   1.00600
   1.18600
   1.22400
   0.41200
   0.07800
   0.62400
   0.45600
   0.55800
   1.17400
   0.23600
   0.77800
   0.49400
   0.12600
   0.18200
   0.70600
   0.31400
   0.08000
   0.86000
   0.07600
   0.03000
   0.06400
   1.46400
   0.34000
   0.38400
   0.12000
   0.20000
   1.04200
   0.44600
   0.22400
   0.26200
   1.20600
   0.82200
   0.20200
   0.42400
   0.64800
   0.20400
   1.68200
   0.36200
   0.65400
   0.07800
   0.69400
   1.94200
   0.02800
   0.18200
   0.53000
   0.38400
   0.29400
   0.61200
   0.76800
   0.45400
   1.14600
   0.59400
   0.14400
   0.37800
   0.63200
   0.46200
   0.05200
   0.41600
   0.62200
   0.08200
   0.09600
   0.28400
   0.42400
   0.53000
   1.57800
   0.64200
   0.49200
   0.03200
   0.23600
   0.32000
   0.38400
   0.69400
   0.39600
   0.13800
   1.48800
   0.07200
   0.78200
   0.59600
   0.94200
   0.32600
   0.38200
   1.52800
   1.26200
   0.97600
   0.70400
   0.75800
   0.27800
   0.96800
   0.23800
   1.37600
   2.26600
   0.49000
   0.34400
   0.13200
   0.27200
   0.05800
   0.97400
   0.20400
   0.32400
   0.09000
   0.65000
   0.08600
   0.16400
   0.22200
   0.20200
   0.64600
   0.20000
   0.20800
   2.55200
   0.51400
   1.42200
   0.07400
   0.06800
   0.64800
   0.45600
   0.75000
   0.33400
   0.71000
   0.52200
   1.24600
   0.70400
   0.18000
   0.16200
   0.08200
   0.73200
   0.45200
   1.32800
   1.11000
   0.79400
   0.14800
   0.46000
   1.93600
   0.59200
   0.24800
   0.22200
   1.10400
   1.68600
   0.20400
   0.48600
   0.65200
   0.67800
   0.50600
   0.55000
   0.38600
   0.75400
   1.65800
   0.50200
   0.50000
   0.83000
   0.07400
   1.18600
   0.21200
   0.25000
   0.30600
   0.24400
   0.53800
   0.57600
   0.18200
   0.36800
   0.08400
   1.58400
   0.82000
   0.40800
   0.76200
   0.12600
   0.41200
   0.09400
   0.54000
   0.08400
   1.20200
   0.15600
   0.27800
   0.57600
   1.04800
   1.31200
   0.12800
   0.04800
   0.08600
   0.51200
   0.59600
   0.15200
   0.45800
   0.18800
   0.11800
   0.12200
   0.47400
   0.45600
   0.33400
   0.45600
   0.13000
   0.06000
   1.25200
   1.60400
   0.46200
   0.23000
   0.71600
   0.47600
   0.41600
   1.30400
   0.41200
   0.80600
   0.26800
   0.71600
   0.91800
   0.43400
   0.16400
   0.05800
   1.97600
   0.24600
   0.09400
   0.06400
   0.90600
   1.01200
   0.10400
   0.45600
   0.05000
   0.31600
   0.12400
   0.30800
   0.35000
   0.17800
   0.47600
   0.36800
   1.44400
   0.57400
   0.38600
   0.18000
   0.15200
   0.33400
   0.85400
   0.03400
   0.75600
   0.49600
   1.10800
   0.48400
   0.50800
   0.13200
   0.24800
   2.06600
   0.13000
   0.26200
   0.16200
   0.55600
   0.41200
   0.42200
   0.06600
   0.52200
   0.07800
   0.71600
   0.55800
   0.12800
   0.24000
   0.50200
   0.48800
   0.59600
   0.04800
   0.64400
   0.39800
   0.86000
   1.96400
   0.48200
   1.52000
   0.23000
   0.09600
   0.89600
   0.44400
   1.54200
   0.82000
   0.61000
   0.67000
   0.90600
   0.31800
   0.04800
   0.06600
   1.45400
   0.86400
   0.59200
   0.89400
   0.85000
   0.65400
   0.41800
   1.87000
   0.33200
   0.80200
   0.27200
   0.27200
   1.89400
   0.38600
   1.31600
   0.31800
   0.47800
   0.59200
   1.10400
   2.13800
   0.15600
   0.65800
   1.21400
   0.48400
   2.63800
   0.54400
   1.47400
   0.11000
   0.89000
   0.60200
   0.34600
   0.28400
   0.79400
   1.04400
   0.34000
   0.24200
   0.13000
   1.51400
   0.23200
   2.94400
   0.15000
   0.51200
   1.89200
   0.47800
   0.16400
   0.62800
   0.64800
   0.06000
   0.08000
   0.39400
   0.16400
   0.60800
   0.75000
   0.39800
   0.25000
   0.06200
   0.72400
   0.54800
   0.18000
   0.19000
   0.21400
   0.84800
   0.48800
   0.36200
   0.20800
   0.34400
   0.30800
   0.46200
   1.07200
   0.21600
   0.14400
   0.28200
   0.22200
   0.63200
   0.45000
   2.63000
   0.16000
   0.25600
   0.04600
   0.11600
   0.54400
   0.98200
   1.33600
   0.21000
   0.98800
   0.42800
   0.76200
   0.24600
   0.09400
   1.21600
   0.12400
   0.13800
   0.37600
   0.33400
   0.20200
   1.29600
   0.06000
   0.34000
   0.36400
   0.73000
   0.08000
   0.09200
   1.09600
   0.27400
   1.00000
   0.11000
   0.19400
   0.29400
   0.73800
   0.41800
   1.14600
   1.09800
   0.36200
   0.27600
   0.29600
   0.02800
   0.34800
   0.67800
   0.27400
   0.47800
   0.74600
   0.71000
   0.44400
   0.95200
   1.35400
   0.12600
   0.39200
   0.55000
   0.64400
   0.68800
   0.32800
   0.68000
   0.31800
   1.13000
   0.69200
   1.51000
   0.92600
   1.37000
   0.18400
   0.28200
   0.13200
   0.55200
   0.81800
   0.42400
   0.61000
   0.64000
   1.67600
   0.43400
   1.94800
   1.09200
   0.10400
   0.04400
   0.52200
   0.04000
   0.12000
   0.52400
   0.34600
   0.16400
   0.60400
   0.38600
   0.91200
   0.09600
   0.73000
   1.91200
   0.18800
   1.02000
   0.07000
   0.79600
   0.60800
   0.28600
   0.17800
   0.52200
   0.31400
   0.66000
   0.14800
   0.85200
   0.06400
   0.07600
   0.07200
   0.42400
   0.58200
   0.40400
   1.09800
   0.49400
   1.26200
   0.14200
   1.74000
   0.80600
   0.59800
   1.52000
   0.38600
   0.18800
   0.69400
   0.12800
   0.22600
   0.42600
   0.10200
   0.17600
   0.85600
   0.39400
   0.33400
   0.21800
   2.60200
   0.50600
   0.21200
   1.13600
   0.82000
   0.84200
   0.19400
   0.52400
   0.60200
   0.24600
   0.44400
   0.05800
   0.78000
   0.56800
   0.35000
   1.62400
   1.16200
   0.35200
   0.08000
   0.99400
   1.23200
   0.37800
   0.13600
   0.30400
   0.52600
   0.62400
   0.84800
   1.44600
   0.22200
   1.31200
   0.41000
   0.28000
   0.21400
   0.56800
   0.33400
   0.38600
   1.06200
   0.35600
   0.73600
   0.16400
   0.66800
   0.07000
   0.12600
   1.40600
   0.25200
   0.08800
   0.26600
   0.19200
   0.15200
   0.14400
   0.14000
   0.25200
   0.40800
   0.11200
   1.09200
   0.59600
   0.39200
   0.96000
   0.26000
   0.08400
   0.99400
   0.14600
   0.61200
   0.19600
   0.83200
   1.11600
   1.09200
   0.40800
   0.08800
   0.21600
   0.84200
   0.19000
   0.63400
   1.31200
   0.61800
   0.18600
   0.55200
   0.38800
   0.08600
   0.68400
   0.20400
   0.43600
   0.28000
   0.77600
   1.45200
   0.43600
   0.18200
   0.32600
   0.19200
   0.12000
   0.90800
   0.28400
   0.04000
   0.71200
   0.23600
   0.22800
   0.29400
   0.45200
   1.59400
   0.62200
   0.35400
   0.43000
   0.65600
   0.13000
   0.71800
   2.51400
   1.32200
   0.57400
   0.84800
   0.14600
   0.07600
   0.29200
   1.14600
   0.08400
   0.36400
   0.49200
   0.19400
   0.61400
   0.06600
   0.48800
   0.07400
   0.39200
   0.44400
   0.25000
   0.18000
   0.06400
   0.91600
   0.03000
   0.03400
   0.11000
   0.41400
   0.37200
   0.21400
   0.18200
   0.14400
   0.77200
   1.19000
   0.11200
   0.20000
   0.31000
   0.63600
   0.84600
   0.40600
   0.08600
   0.31200
   1.70000
   0.13200
   0.05600
   1.43200
   0.19200
   0.31600
   0.16000
   0.85400
   0.46400
   0.04400
   0.43000
   0.18000
   0.02200
   0.30600
   0.22000
   0.08400
   1.60400
   1.51400
   0.37400
   0.54000
   0.10800
   0.29400
   0.66600
   0.31000
   0.32600
   0.83000
   0.59200
   0.96000
   1.54600
   0.62600
   0.54000
   0.23800
   0.42400
   0.11200
   1.31800
   0.38800
   0.12400
   0.12600
   0.66000
   0.43000
   1.68400
   1.79600
   0.22800
   0.08200
   0.28800
   0.19400
   1.79400
   0.20200
   0.11800
   1.00200
   1.70800
   1.10600
   1.00200
   0.17400
   0.58600
   0.13600
   1.29800
   0.31400
   0.71600
   0.55600
   0.69800
   0.18800
   0.14800
   0.78200
   2.73400
   0.41000
   0.60600
   0.39200
   0.73400
   0.81400
   0.17000
   0.21200
   1.79800
   0.26200
   0.48600
   0.34800
   0.55200
   0.34800
   0.09600
   0.03400
   0.15200
   0.68200
   0.42600
   0.19200
   0.49000
   0.02600
   0.31400
   0.51200
   1.20200
   0.24400
   0.55200
   0.22600
   0.51000
   0.33400
   1.31400
   1.62400
   0.04400
   0.15600
   0.98000
   0.83200
   0.37600
   0.06600
   0.08000
   0.42400
   0.40400
   2.16600
   0.06200
   0.28000
   0.13600
   0.14600
   0.73400
   0.23000
   1.17800
   0.39200
   0.55000
   0.05200
   2.33400
   0.60800
   1.19000
   0.35800
   0.67400
   0.11400
   0.65800
   0.58600
   0.46600
   0.82200
   0.20600
   1.82800
   0.83200
   0.05800
   0.20600
   0.22800
   0.21400
   0.36400
   0.67200
   0.82200
   0.32400
   0.56600
   0.25600
   0.68400
   1.12600
   0.56000
   0.25200
   0.24600
   1.00200
   0.04800
   0.56600
   0.11800
   0.34000
   0.35200
   0.49000
   0.12600
   2.71000
   0.38400
   0.07600
   0.36600
   0.31200
   0.40200
   0.20200
   0.74600
   1.03600
   0.20000
   0.28000
   0.32800
   0.11400
   0.13600
   0.88400
   1.67400
   2.22000
   0.11200
   0.09400
   0.06800
   0.16000
   0.13600
   0.40400
   1.18600
   0.20200
   0.53200
   1.52000
   0.67800
   0.09000
   0.67800
   0.16200
   0.89200
   0.44400
   0.86000
   0.33000
   0.34400
   0.19800
   0.20800
   0.27200
   0.45400
   0.31400
   0.33800
   1.48200
   0.63800
   0.50200
   0.45800
   0.16400
   0.04600
   0.33400
   0.15800
   0.21600
   0.19800
   1.81400
   0.31000
   0.30800
   0.88800
   1.03400
   0.12600
   0.33600
   0.27800
   1.97400
   0.21200
   0.10600
   0.20800
   0.82000
   0.99000
   0.62000
   0.54400
   0.34600
   0.06600
   0.49600
   2.61400
   0.28400
   0.34800
   0.22200
   2.70200
   1.05400
   0.05200
   0.21600
   0.31000
   1.15000
   0.48200
   1.75800
   0.60600
   0.06800
   0.05600
   0.19800
   2.99000
   0.12600
   0.16800
   0.19600
   0.64000
   2.13800
   1.10200
   0.50000
   0.35200
   0.46200
   1.01800
   1.66400
   0.14200
   0.57800
   0.49800
   0.42200
   0.37800
   1.48600
   0.19000
   0.82400
   0.21000
   0.19200
   0.05600
   0.57600
   0.39400
   0.25000
   1.35000
   0.25600
   0.82200
   0.13800
   2.17000
   0.19800
   0.27600
   1.08600
   1.43800
   0.39000
   0.87600
   0.03800
   0.40400
   0.36200
   0.07600
   1.45400
   0.31200
   0.78200
   0.46400
   0.91800
   0.07600
   0.45400
   0.27600
   0.09000
   0.10600
   0.43000
   0.27800
   0.19400
   1.53800
   0.10800
   1.57600
   0.24800
   0.38400
   0.38400
   1.15400
   0.45000
   0.41400
   0.17400
   0.35000
   0.21200
   0.40400
   0.55800
   0.09600
   0.02800
   0.41600
   0.17000
   0.40400
   0.45200
   0.59000
   0.27200
   0.83400
   0.14000
   0.26000
   0.78800
   0.17800
   0.15600
   0.78400
   0.47200
   0.26400
   0.12600
   0.38400
   0.84200
   0.22800
   0.42800
   1.10800
   0.37000
   0.35200
   0.54800
   0.09600
   1.32400
   0.18400
   1.28200
   1.22200
   0.60600
   1.26000
   0.18800
   0.18600
   1.17200
   0.65000
   0.60000
   0.43400
   0.09600
   0.23600
   2.48400
   0.25200
   0.61800
   0.51000
   1.63800
   0.30800
   0.28800
   0.42200
   1.15200
   0.45200
   1.32000
   0.46400
   0.70000
   0.45800
   0.09400
   0.27200
   0.68200
   1.51000
   0.22200
   0.33000
   1.65200
   0.18600
   0.38600
   0.21600
   0.60800
   0.80600
   0.57600
   0.19200
   1.49000
   0.98400
   0.23000
   1.08200
   0.19000
   0.06400
   0.36400
   0.09000
   1.04200
   0.63200
   0.26000
   0.66000
   1.09800
   0.11200
   3.15600
   0.21400
   0.34400
   0.90400
   1.20000
   0.41200
   0.62600
   0.48800
   0.41400
   0.22200
   0.47800
   0.33800
   0.74000
   0.57600
   0.81800
   0.10000
   0.51000
   0.35000
   0.53400
   1.29600
   0.16800
   0.99600
   0.58600
   0.66600
   0.09400
   1.06400
   0.38600
   0.48600
   0.27600
   1.27800
   1.23800
   0.66800
   0.19000
   1.05400
   0.12200
   0.30000
   0.50800
   0.31000
   0.94200
   0.32400
   0.28200
   0.06200
   0.13600
   0.28400
   0.16600
   0.42200
   0.19200
   0.45600
   0.43400
   1.29800
   0.06800
   0.48800
   0.61400
   1.52800
   0.79400
   0.56600
   0.69000
   0.85600
   0.18200
   0.25200
   0.21000
   0.24600
   0.12600
   0.09200
   0.57000
   0.38600
   0.36400
   0.18200
   0.11200
   0.11200
   0.37400
   0.28400
   2.83600
   0.21800
   0.24600
   0.89600
   0.39200
   1.64800
   0.58000
   0.47600
   0.23000
   0.27400
   0.12200
   0.73600
   0.47600
   0.26400
   0.34600
   0.67600
   0.27800
   0.11600
   0.03000
   0.71800
   0.23000
   0.26400
   0.31600
   1.60800
   0.78800
   1.55200
   2.25200
   1.05600
   0.87400
   1.01200
   0.67800
   1.31600
   0.59000
   0.13200
   0.22400
   0.53600
   0.39200
   0.67800
   0.90000
   0.43600
   0.06400
   0.13800
   1.75000
   0.43200
   0.49800
   0.39200
   0.68200
   0.74400
   0.14800
   0.71200
   0.29400
   0.11400
   1.62600
   0.18000
   1.31000
   0.16600
   0.30600
   0.37000
   0.46800
   0.68400
   0.95600
   0.05000
   0.30200
   0.29600
   1.26000
   0.73600
   1.22600
   0.17400
   0.74000
   0.15400
   1.16600
   0.92800
   0.18000
   0.06400
   0.29200
   0.37800
   0.75000
   0.10400
   0.42400
   0.39000
   0.54400
   0.29000
   0.58800
   0.11400
   0.30200
   0.43200
   0.60000
   0.20200
   0.10600
   0.96600
   0.17400
   0.12800
   0.07600
   0.27600
   0.22000
   0.48800
   1.21600
   0.22000
   0.68200
   0.12600
   0.31400
   0.20200
   0.19400
   0.35400
   0.39200
   0.51800
   0.05400
   0.80800
   0.56200
   0.09800
   1.07200
   0.68800
   0.45600
   2.31800
   0.54800
   0.24000
   0.04400
   0.33200
   0.15200
   0.32200
   0.12400
   0.83400
   0.69400
   0.29800
   1.84200
   0.70800
   0.46000
   0.82800
   0.48000
   0.49000
   0.15200
   0.32600
   0.27800
   0.19800
   0.40800
   0.49400
   0.70600
   0.67000
   0.24800
   0.08400
   0.20400
   1.47200
   0.80600
   0.13800
   0.32800
   0.34800
   0.21800
   3.57800
   0.49600
   1.69400
   1.42000
   1.37600
   0.08600
   0.47400
   1.51600
   0.04800
   1.66400
   0.32400
   0.83000
   0.28600
   0.54400
   0.92400
   0.19000
   0.45400
   0.99800
   0.12200
   0.49800
   0.59400
   0.70600
   0.34800
   0.43400
   0.82600
   0.12800
   0.40600
   0.18600
   1.84800
   0.78400
   0.80000
   0.59800
   0.04200
   0.10200
   0.26800
   0.14400
   0.14200
   1.24400
   0.12200
   0.76600
   0.29800
   0.74000
   0.33800
   0.09000
   0.62200
   0.85400
   0.49000
   0.73000
   0.36400
   0.82400
   0.20800
   0.14400
   0.23400
   1.55000
   0.95800
   0.69600
   0.13200
   0.70600
   0.06000
   1.03000
   0.64000
   1.00000
   0.28600
   0.47000
   1.11000
   0.88200
   0.42800
   0.47400
   0.26000
   0.47800
   0.10400
   0.24400
   0.09400
   0.33400
   0.10400
   0.09400
   0.37600
   0.07800
   1.06200
   0.40800
   0.24400
   0.90600
   0.06600
   0.30200
   0.37600
   1.42800
   1.03200
   0.60400
   0.13000
   0.97400
   0.18200
   0.43800
   0.22000
   0.21400
   0.15400
   1.25000
   0.14400
   0.27800
   1.40600
   0.19400
   0.47000
   1.63200
   0.30600
   0.24400
   1.08600
   0.52600
   1.90000
   0.41200
   0.40400
   0.21400
   0.53800
   0.11600
   0.33400
   0.60800
   0.54800
   0.16000
   1.55200
   1.55600
   0.82000
   1.17800
   0.70200
   0.26600
   0.32800
   0.27400
   1.64200
   0.75800
   0.07000
   0.10800
   0.13000
   0.63400
   0.42200
   0.29200
   1.00800
   0.69400
   0.07800
   0.09000
   0.16800
   0.18400
   0.61400
   1.24200
   0.18800
   0.04800
   0.04800
   0.63600
   0.28400
   0.05600
   1.04400
   0.95000
   0.62000
   0.37000
   0.55000
   0.34600
   0.09000
   0.28800
   0.17400
   0.84200
   1.33400
   0.08400
   0.24800
   0.12400
   0.21000
   1.62400
   0.08400
   0.64200
   0.13000
   0.48000
   1.12400
   0.06000
   0.42400
   0.24600
   0.44000
   0.24400
   0.20600
   0.48400
   0.12400
   0.35200
   0.17200
   0.08000
   0.88000
   0.53200
   0.87400
   0.50200
   0.03800
   0.27800
   0.55600
   0.12400
   0.37200
   0.34000
   0.09800
   0.41000
   0.71800
   0.14000
   0.24000
   0.73000
   0.12000
   0.11400
   0.16400
   0.31800
   0.77600
   0.29600
   0.46200
   0.16600
   0.07800
   0.28000
   0.83800
   0.32200
   0.42800
   0.59600
   0.15800
   0.17200
   0.09200
   0.17600
   0.11200
   0.25000
   1.70000
   0.10200
   0.34200
   0.25000
   0.17800
   0.23600
   0.07200
   0.15600
   0.81400
   0.31200
   0.45800
   0.15200
   0.14600
   0.85800
   0.64600
   0.09600
   0.88800
   0.46600
   0.54800
   0.04200
   0.25400
   0.17400
   1.27600
   0.22000
   0.85400
   0.13600
   0.86400
   1.21600
   0.55400
   0.14000
   0.06800
   0.62800
   0.16400
   0.71200
   0.03200
   0.50000
   0.63200
   1.70400
   0.07400
   0.04000
   0.97800
   0.49400
   1.91200
   0.43200
   0.77400
   1.60000
   0.73000
   0.31000
   0.32400
   0.80400
   0.28000
   0.29600
   0.12600
   0.07800
   0.12400
   0.24200
   0.40000
   0.13600
   0.99400
   0.26600
   0.50400
   0.36400
   0.25600
   0.53200
   0.35600
   0.06000
   0.64600
   0.13400
   0.41800
   0.21200
   1.33400
   0.24400
   0.45400
   0.94000
   2.19200
   0.60000
   0.17000
   0.30800
   0.47600
   0.28600
   0.66600
   0.50000
   0.70600
   0.09400
   0.50400
   0.66200
   0.26600
   0.57800
   0.53000
   0.54000
   0.23600
   0.12000
   0.79000
   0.53600
   0.64800
   0.55200
   0.21200
   0.29600
   0.28000
   1.07200
   0.09000
   0.85200
   0.56200
   0.27000
   0.53200
   1.99000
   0.59000
   0.44200
   0.28200
   0.10000
   0.39000
   0.56400
   0.52200
   0.38200
   0.27000
   0.21000
   0.23800
   0.08400
   0.36600
   0.33600
   0.13600
   0.72000
   0.40800
   0.48600
   1.15800
   0.94800
   0.07400
   0.43600
   0.32200
   0.25800
   1.64400
   0.13600
   0.40000
   0.03600
   0.06200
   0.11200
   0.23200
   0.20800
   0.84600
   1.80000
   0.80800
   0.31200
   0.59800
   0.27200
   0.27800
   0.96000
   0.17600
   0.12400
   0.55800
   0.14600
   0.83400
   1.28600
   0.23000
   0.14200
   0.10000
   0.24200
   2.14600
   0.86400
   0.29600
   0.04000
   0.29600
   0.69400
   0.11800
   0.27400
   0.06600
   0.10800
   0.33400
   0.40200
   0.75400
   0.35600
   0.73800
   0.23000
   1.14400
   0.22000
   0.57600
   0.38200
   0.63800
   1.27000
   0.13200
   0.24400
   0.94200
   1.04800
   0.50000
   0.31600
   0.86800
   1.43000
   0.47000
   0.20200
   0.58400
   0.12600
   0.40000
   0.44800
   0.67000
   0.04200
   1.09800
   0.25000
   0.30400
   0.24400
   0.42200
   0.70600
   0.42200
   0.87400
   0.36800
   0.16600
   0.21200
   0.26200
   0.29200
   0.79400
   0.64400
   0.28400
   0.51600
   0.42000
   0.13000
   0.55200
   0.16800
   0.08600
   0.51000
   0.33000
   0.37600
   0.11000
   0.12000
   0.12600
   0.28000
   0.29000
   0.20200
   0.18000
   0.22000
   0.07600
   0.17400
   1.09400
   0.18600
   1.32600
   0.82200
   0.56200
   1.12600
   0.59800
   0.13800
   1.23400
   0.32400
   2.28200
   1.50200
   0.28600
   0.15000
   2.07600
   0.56000
   0.65000
   1.95800
   0.37000
   0.45000
   0.08800
   0.09200
   2.34400
   0.50200
   0.26600
   0.31000
   0.31800
   0.39400
   0.11600
   0.74800
   0.53400
   1.34600
   0.15000
   0.35200
   0.18000
   0.25600
   0.50800
   0.46800
   0.82400
   0.16800
   0.55000
   0.13800
   0.13600
   0.11600
   0.43400
   0.42600
   0.35200
   0.28000
   0.34400
   0.56200
   0.23600
   0.90200
   2.31200
   0.84000
   0.17200
   0.33000
   0.27000
   0.60400
   0.04600
   0.14600
   0.25800
   0.10400
   1.77800
   0.66400
   1.15200
   0.63200
   0.07200
   1.79400
   0.09800
   0.27600
   0.99600
   1.33000
   0.41000
   0.49200
   0.03400
   0.76000
   0.88400
   0.20600
   0.40600
   1.36000
   0.14800
   0.05600
   0.45800
   0.18000
   1.33600
   0.05000
   1.73200
   0.53800
   1.30400
   0.31600
   0.15400
   0.25000
   0.25400
   0.72800
   0.22000
   0.16600
   0.58600
   0.61600
   0.56800
   0.13400
   0.58600
   0.22000
   0.17000
   0.74200
   0.10200
   0.90200
   0.29200
   0.22600
   1.23800
   0.51200
   0.43000
   0.26400
   0.14000
   0.76800
   0.46400
   0.35000
   0.43000
   0.31400
   0.52600
   0.17200
   0.20400
   0.75000
   0.33800
   0.48800
   0.10600
   0.20000
   0.27600
   0.10200
   0.04400
   0.18600
   0.31800
   1.36400
   1.59400
   0.51200
   0.12200
   0.42200
   0.12000
   0.51800
   0.67600
   0.61400
   0.31400
   0.61200
   0.63200
   0.13200
   0.27400
   0.28000
   0.13600
   0.22000
   1.25400
   0.31800
   1.05000
   0.34800
   0.12800
   0.31400
   0.21400
   0.40200
   0.61400
   0.70800
   1.29600
   0.73000
   1.31200
   0.25800
   0.96000
   0.21600
   0.09400
   1.20000
   0.09800
   0.84000
   0.32400
   0.58200
   0.11400
   0.32800
   0.51600
   0.06600
   0.56600
   0.10600
   0.18200
   1.10400
   0.30000
   0.82400
   0.61600
   0.41800
   0.21000
   1.52800
   1.12400
   1.20800
   0.85600
   0.29800
   0.37800
   0.11200
   0.43800
   0.61000
   0.69600
   0.33000
   0.77400
   1.10000
   0.06600
   0.05200
   0.18000
   0.40200
   0.04000
   1.11000
   1.93400
   0.05800
   0.89800
   0.97600
   0.22600
   0.89400
   0.35400
   1.52400
   0.08600
   0.86400
   2.28600
   0.12200
   1.06000
   1.42800
   0.17800
   0.79000
   0.31600
   1.13800
   0.14400
   0.14400
   0.75800
   0.31200
   1.10000
   1.45600
   0.69400
   0.81600
   0.25400
   1.43200
   0.42800
   0.93200
   0.16000
   0.12000
   0.64200
   0.20000
   0.07600
   1.87000
   0.32200
   0.12000
   0.36800
   0.14800
   0.36800
   0.52200
   2.04600
   0.11600
   0.17400
   0.74200
   0.84800
   0.61000
   0.24600
   0.12600
   0.42200
   0.95000
   0.49400
   0.38400
   0.46000
   1.37600
   0.10400
   1.20200
   0.65000
   0.41600
   0.30200
   0.42000
   0.07200
   1.16400
   0.27800
   0.66000
   0.46600
   0.19800
   0.05800
   1.36400
   0.26200
   0.72800
   0.09800
   0.31800
   0.22400
   0.92800
   0.12800
   0.91200
   0.08200
   0.30000
   0.61600
   0.32000
   0.55200
   0.23000
   0.56600
   0.48800
   0.13000
   0.32600
   1.80200
   0.66200
   1.75600
   0.05400
   0.20200
   0.67200
   0.10600
   0.36000
   0.12800
   0.05800
   0.36000
   0.59000
   0.42200
   0.17600
   0.62600
   0.14400
   0.30400
   2.30800
   1.06000
   0.07600
   0.60800
   0.93800
   0.09800
   0.04400
   1.76600
   0.26000
   1.71800
   0.18400
   0.34200
   0.35800
   0.06200
   0.45600
   0.15600
   0.15200
   1.38600
   0.14400
   0.59600
   0.54800
   0.13000
   0.25000
   0.99600
   0.62800
   0.08400
   0.15400
   0.34200
   0.95400
   0.41200
   0.34400
   0.32400
   0.53800
   0.28400
   0.64000
   1.33600
   0.74000
   0.31200
   0.13400
   1.09000
   1.16800
   0.10000
   0.66800
   0.53600
   1.32000
   0.40400
   0.07600
   0.15600
   0.71800
   0.58400
   3.62600
   1.15800
   0.41400
   0.15400
   0.18400
   0.53400
   0.46200
   0.27200
   0.15600
   0.28800
   0.77200
   0.18800
   0.54800
   0.46600
   0.40800
   0.33400
   0.44400
   0.35200
   0.13200
   0.09000
   0.09800
   0.41000
   0.52400
   0.21000
   0.67800
   2.18000
   0.59200
   0.43000
   0.12000
   1.74600
   0.61000
   1.38000
   0.74400
   0.30400
   1.34000
   0.24800
   0.86000
   0.18200
   0.45600
   0.61400
   0.30000
   0.36000
   1.88000
   0.39200
   0.21200
   0.06800
   0.30800
   0.20000
   0.07200
   0.62000
   0.41600
   0.52200
   0.08200
   0.83600
   0.78000
   1.00000
   0.32200
   0.28800
   0.68800
   0.18200
   0.13800
   0.12200
   0.52800
   0.28600
   0.12800
   0.71800
   0.90400
   0.98000
   1.04400
   0.40200
   0.05800
   1.15400
   1.60200
   0.30600
   1.92800
   0.06200
   0.97800
   0.60800
   0.33200
   1.22600
   0.83800
   0.42200
   0.05200
   0.18400
   0.09200
   0.55800
   0.59400
   0.58200
   0.74600
   0.14200
   0.61200
   1.14200
   0.69000
   0.49400
   0.61400
   0.81000
   0.04400
   0.17400
   0.23000
   0.27800
   0.40800
   0.17000
   0.15200
   0.64400
   0.34200
   0.70000
   0.46800
   0.93000
   0.16800
   0.16200
   0.10400
   0.07800
   1.31000
   0.11200
   0.44800
   0.96400
   0.31000
   1.40600
   0.68800
   0.59000
   0.60400
   1.51400
   0.44200
   0.12600
   0.65000
   0.14400
   0.64800
   0.51000
   0.92600
   1.33200
   0.35800
   1.25200
   0.50800
   0.18200
   0.15400
   0.53200
   0.44200
   1.53800
   0.26000
   0.33600
   0.38600
   1.04000
   0.12200
   0.27800
   0.77600
   0.17800
   0.10600
   0.63200
   0.22800
   0.19000
   2.68800
   0.21000
   0.61200
   0.10400
   1.44000
   1.00200
   0.58600
   0.19400
   0.55200
   0.06400
   0.20600
   0.13400
   0.93200
   0.85600
   1.36800
   0.13200
   0.39600
   0.11000
   0.25200
   0.62000
   1.71800
   0.18400
   0.50800
   0.63200
   1.31400
   0.15600
   0.53400
   1.69000
   1.00800
   0.24400
   0.10400
   0.62000
   0.29200
   0.39800
   0.12800
   1.11600
   0.63600
   0.50200
   0.57000
   0.15800
   0.88400
   0.46800
   0.31000
   0.17200
   0.14200
   0.07000
   0.54200
   2.27400
   0.05200
   1.67000
   0.54200
   0.15800
   0.45400
   1.06000
   0.18600
   0.72200
   1.93400
   0.49600
   0.41200
   0.20400
   0.43600
   0.92200
   0.89000
   1.18400
   0.66600
   1.00800
   0.12200
   0.40400
   0.53200
   0.47200
   0.27000
   0.25400
   0.10800
   1.07200
   0.07600
   1.67000
   0.14400
   0.64000
   1.22800
   0.81400
   0.19800
   0.31000
   0.83000
   0.28000
   0.81600
   0.10200
   0.14200
   0.03600
   1.35000
   0.19600
   0.04400
   0.85600
   0.88600
   0.36600
   1.54800
   0.28400
   0.36400
   0.65600
   0.16200
   0.46800
   0.10800
   0.17600
   0.56200
   0.35200
   1.24000
   0.11800
   0.47000
   0.16000
   0.04200
   1.42000
   1.82000
   0.91000
   1.09400
   0.13000
   0.64000
   2.59400
   0.41400
   0.17400
   0.80000
   0.24200
   0.15800
   0.29200
   0.49000
   0.91600
   0.37600
   0.50800
   0.16600
   0.35800
   0.29200
   1.15000
   0.78800
   0.55800
   0.02400
   1.08600
   1.60200
   0.31400
   0.48600
   0.36000
   0.14000
   0.05600
   0.21600
   0.29000
   0.53400
   0.20200
   0.53000
   0.24600
   0.36600
   0.38400
   0.13000
   0.13200
   0.30400
   0.39400
   0.66400
   0.24400
   0.58000
   0.50400
   1.29800
   0.35200
   1.07200
   0.21000
   0.57000
   0.51200
   0.19200
   0.05400
   0.40000
   0.83200
   0.45000
   0.07800
   0.10000
   0.73000
   0.21000
   0.26000
   0.35800
   0.21000
   0.72000
   0.40400
   0.35000
   0.67800
   0.39000
   0.42600
   0.23400
   0.97600
   0.93400
   0.27400
   0.25800
   1.13600
   0.57800
   0.68800
   0.11000
   0.92000
   0.69200
   0.20200
   0.67000
   0.38200
   0.65600
   0.25200
   0.10600
   0.31800
   0.28400
   0.94000
   0.34200
   0.86200
   0.79000
   0.45800
   0.40600
   0.25000
   1.12400
   0.31400
   0.40800
   0.20200
   0.60200
   1.03200
   0.63200
   0.36000
   0.22800
   0.80600
   0.40400
   1.04400
   0.04400
   0.28600
   0.23000
   0.12000
   0.30000
   0.53600
   0.59600
   0.75800
   0.25600
   0.60000
   0.21600
   0.22000
   0.42800
   0.31600
   0.19400
   0.65200
   0.33800
   0.27600
   0.16200
   1.51200
   0.47400
   0.66800
   0.62400
   1.48600
   0.60200
   0.24000
   2.45800
   0.35200
   0.08200
   2.97400
   0.37800
   0.12600
   0.70000
   0.49400
   1.67400
   2.31000
   0.21600
   0.43600
   0.04800
   0.37600
   0.11800
   0.49600
   1.24600
   0.30200
   2.37200
   0.44600
   0.49000
   0.18000
   0.19600
   0.12600
   0.38600
   0.71400
   0.20400
   0.20800
   0.46600
   1.22000
   0.35000
   1.41600
   0.50400
   0.28800
   0.15800
   0.12400
   0.47400
   0.71000
   2.11200
   0.13800
   1.37600
   0.66200
   0.12400
   0.41000
   0.32200
   1.33400
   1.64600
   0.18000
   0.23200
   0.30600
   0.19400
   0.28400
   0.58600
   0.54400
   1.61000
   0.82200
   0.45200
   2.39200
   0.47000
   0.07000
   1.06200
   0.54600
   1.37800
   1.49400
   0.36800
   0.07200
   0.10200
   0.11600
   0.07800
   0.37000
   0.52800
   0.56000
   0.69600
   1.14800
   0.10800
   0.26600
   0.57400
   0.15800
   0.58800
   1.39200
   0.50600
   1.04200
   0.85600
   0.56000
   0.32400
   0.53000
   1.53200
   0.25000
   0.91600
   0.77400
   0.17600
   0.40400
   0.33200
   1.02400
   1.29800
   0.43400
   0.66000
   0.76400
   0.13600
   0.62000
   0.08000
   0.11800
   1.34600
   0.38200
   0.27800
   1.19400
   2.16600
   0.54200
   0.29400
   0.68000
   0.39800
   0.32000
   0.58600
   0.25800
   0.80800
   2.63400
   0.21600
   1.30600
   0.82400
   0.64000
   2.66000
   1.34600
   1.85400
   0.61800
   0.61800
   2.55200
   0.28600
   0.43600
   1.89400
   0.08800
   0.56400
   0.77600
   1.01800
   1.58800
   2.84800
   0.81000
   0.40000
   0.63400
   1.71000
   0.19400
   1.48000
   1.04400
   0.59600
   0.32000
   1.67200
   0.43800
   0.66400
   1.21200
   0.16600
   0.42600
   0.09000
   0.64400
   0.50800
   0.38600
   0.08600
   0.74000
   0.46800
   0.94800
   0.67800
   0.07800
   0.09400
   0.46200
   2.20000
   2.29400
   0.41400
   0.10600
   2.17400
   0.93800
   0.67200
   0.32600
   0.73200
   0.76000
   0.91200
   0.72800
   0.26400
   0.76600
   0.27000
   0.13400
   0.22600
   0.79600
   0.18200
   0.55400
   1.68800
   0.51800
   0.19800
   0.31000
   0.26600
   0.19600
   0.31400
   0.33000
   0.08600
   1.08800
   0.16400
   0.15400
   0.40200
   0.58200
   0.81800
   1.13400
   0.24800
   0.06400
   1.73600
   0.39400
   0.80800
   0.08000
   3.21000
   0.25400
   0.75400
   0.34400
   0.08000
   0.33800
   1.90400
   0.11400
   0.40600
   0.15400
   0.66200
   0.49200
   0.47400
   0.30600
   0.08200
   0.69000
   0.63600
   1.44200
   0.22800
   0.75200
   0.85200
   0.66600
   1.14200
   0.84800
   0.45800
   0.60600
   0.07000
   0.21400
   0.04200
   1.64000
   0.49800
   0.55000
   0.02400
   0.13000
   0.21600
   0.08800
   0.66800
   0.02400
   0.53200
   1.54600
   1.56400
   1.07400
   0.50800
   0.37600
   0.48000
   0.23400
   0.24600
   0.97800
   0.33800
   0.56400
   0.23800
   0.33400
   0.65400
   1.46200
   0.81200
   0.81000
   0.32600
   0.37200
   0.45800
   0.13000
   0.97200
   0.45800
   0.13800
   0.14000
   0.15600
   0.92800
   0.09800
   0.73200
   0.66000
   0.27200
   0.25600
   0.36000
   0.30200
   0.24200
   0.36800
   0.50000
   0.48600
   0.35200
   0.05200
   0.39200
   0.90800
   0.36000
   1.42000
   0.31400
   0.39600
   0.96800
   0.58800
   0.13800
   0.59600
   0.35800
   0.46600
   0.87600
   0.69000
   0.05800
   0.22000
   3.57200
   0.78600
   0.35200
   0.70200
   0.26200
   0.26200
   0.55000
   1.10400
   0.25600
   0.41400
   0.14400
   1.12400
   0.07200
   0.10600
   0.55800
   0.22400
   1.04800
   0.54600
   0.18600
   0.47000
   0.19200
   0.06600
   0.49400
   0.14000
   0.22000
   0.70000
   1.03400
   0.76800
   0.27200
   0.78800
   0.11600
   0.30200
   1.10800
   0.66400
   0.62800
   0.50400
   0.19000
   0.37200
   0.62200
   1.25000
   0.16000
   0.94000
   0.20800
   0.23600
   0.56200
   0.99600
   0.39400
   1.29200
   0.49000
   0.24200
   0.10000
   0.94600
   0.51000
   0.53000
   0.75000
   0.28000
   0.12400
   0.39400
   0.07000
   1.72000
   0.80000
   0.12600
   0.36400
   0.95800
   0.04800
   0.43200
   0.39800
   0.15800
   1.90800
   0.51600
   0.44000
   0.64400
   0.41000
   0.67200
   0.22000
   0.07400
   0.14200
   0.65800
   0.06000
   1.83000
   0.25000
   0.13800
   0.30600
   0.16000
   0.18200
   0.24600
   1.35000
   0.39400
   0.03600
   0.26400
   1.04400
   1.93200
   0.42800
   0.87800
   0.50400
   0.13400
   0.30000
   0.45400
   0.14600
   1.23400
   0.30000
   0.11400
   1.01000
   0.68400
   0.68400
   0.22800
   0.31800
   0.12400
   0.85200
   0.30800
   0.38800
   1.19600
   0.73600
   1.33200
   0.10200
   0.52400
   1.41800
   0.15000
   0.40800
   0.50400
   0.13400
   0.22000
   0.24200
   0.65400
   0.03200
   0.21800
   0.15600
   0.94200
   0.40200
   0.15400
   0.59600
   0.16400
   0.39200
   0.21200
   0.39800
   0.23600
   0.47800
   0.42400
   0.34200
   1.19800
   0.51200
   0.28200
   0.52600
   0.59400
   0.21000
   0.18800
   0.13600
   0.31600
   0.94000
   0.43800
   0.10600
   1.48200
   0.34400
   0.27600
   1.28400
   0.42600
   0.69000
   0.09800
   1.89800
   0.19400
   0.83400
   0.14600
   0.33800
   0.42600
   0.25000
   1.75000
   0.18200
   2.20400
   0.26400
   0.42800
   0.15000
   0.15800
   0.53800
   0.64800
   0.39600
   0.19200
   0.47600
   1.17200
   0.70800
   0.96400
   0.31400
   2.54600
   1.39800
   0.99600
   0.65400
   0.09000
   0.49400
   1.14800
   0.95600
   1.36200
   0.08800
   2.38200
   0.36800
   0.75000
   0.24400
   0.78600
   0.27600
   0.12800
   0.29800
   0.13200
   0.47800
   0.23200
   0.42200
   0.41000
   1.01600
   0.08800
   0.15200
   0.29000
   0.47800
   0.68200
   0.35400
   0.34400
   2.29200
   0.39800
   3.46200
   0.22600
   1.29800
   0.51800
   0.29800
   0.04800
   0.35400
   0.34200
   0.40000
   0.75600
   0.37400
   1.21800
   0.66400
   0.07200
   0.80800
   0.22400
   1.15600
   1.48200
   0.15600
   1.66400
   0.99200
   0.07600
   0.74000
   1.05600
   0.64800
   0.87400
   0.46400
   0.62400
   1.36600
   0.64800
   0.49000
   0.14800
   0.12200
   0.28200
   0.24800
   0.98400
   1.55200
   0.22800
   0.26400
   0.58800
   1.76600
   0.03800
   1.51400
   0.48800
   0.79800
   0.88800
   0.41400
   0.48400
   0.17400
   0.08400
   0.63800
   0.34600
   0.22200
   0.10400
   1.70800
   0.17600
   0.49200
   0.52800
   0.08000
   0.54000
   0.53200
   0.67400
   0.52200
   0.66400
   0.35200
   0.80800
   0.38400
   0.28800
   0.29000
   1.34000
   0.31200
   1.12600
   0.26400
   0.13000
   0.16400
   0.46400
   0.37400
   0.44800
   0.08000
   0.08200
   0.18200
   0.15800
   0.21600
   1.26800
   0.22200
   0.84400
   0.56800
   1.45600
   0.38800
   0.61200
   0.80000
   1.28800
   0.89400
   0.60000
   0.36400
   0.16800
   0.18200
   0.09000
   0.95200
   1.19200
   0.26200
   0.18600
   0.63800
   0.35800
   0.20200
   0.83000
   0.15000
   1.11200
   1.43800
   0.66000
   0.19000
   0.88600
   0.09600
   0.64000
   0.38800
   0.66000
   0.23200
   0.23000
   0.43400
   1.06600
   0.37400
   0.22400
   0.39200
   0.17800
   0.42400
   1.11800
   0.34600
   0.28200
   0.22600
   0.47200
   0.56600
   0.02600
   0.53200
   0.47000
   0.03200
   0.05800
   0.39000
   0.70400
   0.86800
   1.38400
   0.54600
   0.68000
   0.38200
   0.13400
   0.11400
   0.35200
   0.21400
   0.20000
   0.76200
   0.56600
   0.96200
   0.07200
   0.46200
   2.25000
   0.24600
   0.18800
   0.42400
   0.49200
   1.21800
   0.64400
   0.05600
   0.45600
   0.07200
   0.73600
   0.59400
   0.66000
   2.10600
   0.56800
   0.33200
   0.43800
   0.32800
   0.14200
   0.11200
   0.08200
   0.56600
   0.51000
   0.09600
   0.28800
   0.53200
   0.51400
   1.78400
   0.26400
   2.17800
   0.68000
   0.10600
   1.02000
   0.21400
   1.15800
   2.29200
   0.84000
   0.22200
   0.09400
   0.50400
   0.88600
   0.40200
   0.46200
   0.69000
   1.05600
   0.26800
   0.40200
   0.15800
   0.31200
   0.91200
   0.30600
   0.41400
   0.16200
   0.76800
   0.34600
   0.49200
   0.30000
   2.15600
   0.07000
   0.29400
   0.16600
   1.31000
   0.28800
   0.12200
   0.28800
   0.55600
   0.23000
   0.54200
   0.28000
   0.31800
   0.40800
   0.20800
   0.56200
   0.18000
   0.93600
   0.79600
   0.50400
   0.87400
   0.69000
   0.27600
   1.07000
   0.27000
   0.40200
   1.59800
   1.47200
   0.08400
   0.49600
   0.24000
   0.10800
   0.15400
   0.35200
   0.91400
   1.03400
   2.98400
   0.43600
   0.09200
   2.53600
   0.13400
   0.20600
   1.19000
   0.41200
   0.09000
   0.94000
   0.45000
   0.18800
   0.10000
   0.08800
   0.79400
   2.13600
   0.20000
   0.05600
   0.36400
   0.36400
   0.14000
   0.52000
   0.12600
   1.03200
   0.36600
   0.81200
   0.44600
   1.15200
   1.48200
   0.15800
   0.13400
   0.77600
   0.10600
   0.17200
   1.03200
   1.32600
   0.17400
   0.13000
   1.79200
   0.87800
   1.23000
   0.18400
   0.43600
   0.74400
   1.07000
   0.36200
   0.33800
   0.21400
   0.24600
   0.31400
   0.72800
   1.15200
   0.37200
   0.12400
   0.06800
   0.76400
   0.40200
   0.28800
   1.14000
   0.38000
   0.23200
   0.66600
   0.35600
   1.67800
   0.18400
   0.54000
   0.29200
   0.51200
   1.02600
   1.14800
   0.26000
   0.65800
   2.10000
   0.14400
   0.07200
   0.55000
   0.31400
   0.48000
   0.28800
   0.08000
   0.73200
   0.16600
   0.25600
   0.76600
   0.04600
   1.08000
   1.11000
   0.59000
   0.54200
   0.19600
   0.23800
   0.32000
   0.30200
   0.67200
   0.30600
   0.82600
   0.68400
   0.46600
   0.12000
   0.60400
   0.14600
   0.12800
   0.31400
   1.91800
   0.15200
   0.20800
   0.73800
   0.10800
   0.24800
   0.07800
   0.37800
   0.30000
   0.33800
   0.12000
   0.22000
   0.19400
   0.30000
   0.16800
   0.43600
   0.83400
   2.61600
   0.21000
   0.50000
   0.52600
   0.31400
   0.26800
   2.13600
   0.17800
   0.79600
   0.58400
   0.51000
   0.56000
   0.42000
   0.19000
   0.12000
   2.71200
   1.14600
   0.14200
   0.39200
   0.19000
   0.21400
   0.09800
   1.30800
   0.30000
   0.54000
   0.13400
   1.03000
   0.06400
   0.33400
   0.28000
   0.23400
   0.31000
   0.44800
   0.78400
   0.83000
   0.05800
   0.37800
   0.18000
   0.30000
   0.05800
   0.28400
   1.33600
   0.03400
   1.00800
   2.75000
   0.11800
   0.32000
   0.11800
   0.73400
   0.16600
   0.29000
   0.76200
   0.95800
   0.64200
   0.81200
   0.22200
   1.11400
   0.14600
   0.68000
   0.16800
   0.39600
   0.61600
   0.25400
   0.26200
   1.07800
   0.55200
   0.24200
   1.35800
   0.40000
   0.67200
   0.67000
   0.86000
   0.33800
   0.28800
   0.50200
   0.29600
   0.63200
   0.40400
   0.19800
   0.50400
   0.33000
   0.75200
   0.08400
   1.65400
   0.62000
   0.02000
   2.33200
   0.82000
   0.23400
   0.66800
   1.20000
   0.67400
   0.58000
   1.25000
   0.48000
   0.11400
   0.68000
   1.87400
   0.15000
   1.21200
   0.09200
   1.86000
   0.95600
   0.77000
   0.34800
   1.31400
   0.25000
   0.55600
   0.31000
   0.29800
   0.04600
   0.55400
   0.14400
   0.32400
   0.32600
   0.72800
   0.20800
   0.31400
   0.17800
   1.28000
   0.10800
   0.53400
   0.27600
   0.43200
   1.55000
   0.11200
   0.29000
   0.13400
   0.19000
   0.74800
   0.10400
   0.20000
   0.48600
   0.14800
   0.11400
   0.58000
   1.33200
   0.21800
   0.23800
   0.60600
   1.15600
   0.36600
   1.14400
   0.96400
   0.32800
   0.35400
   0.20200
   0.82000
   0.37200
   1.01000
   0.49800
   0.69400
   0.23000
   0.04000
   0.03600
   0.09600
   0.30400
   1.16200
   0.18000
   0.63800
   0.14000
   0.86000
   1.44600
   1.49600
   0.27000
   0.74400
   0.55200
   0.27800
   0.89400
   1.11000
   0.32000
   0.90000
   0.24400
   0.69400
   0.22400
   1.76600
   0.66800
   0.22800
   0.18200
   0.04000
   0.06000
   0.99600
   0.31200
   0.91000
   0.04600
   0.55200
   0.64000
   0.15200
   0.27800
   1.15800
   0.49600
   1.05200
   0.97800
   0.72400
   0.57000
   0.48800
   0.76200
   1.06200
   0.31000
   2.17400
   0.23800
   0.88600
   0.56600
   0.16000
   1.79800
   0.52400
   0.31000
   0.29600
   0.81000
   0.44800
   0.84600
   0.75400
   0.98000
   0.45400
   0.88600
   0.62000
   1.20000
   0.46400
   0.17800
   0.20200
   0.68400
   0.09000
   1.18400
   0.52400
   0.83000
   0.19800
   1.30600
   0.30000
   0.62000
   0.11400
   0.31600
   0.12400
   0.41000
   0.23000
   0.35800
   0.56000
   3.01400
   0.19000
   0.16800
   1.00200
   0.20800
   0.64000
   0.60000
   1.63600
   1.63400
   0.32400
   1.58400
   0.32800
   0.71000
   0.33000
   0.18800
   0.12800
   0.23200
   0.72600
   0.12000
   0.75600
   0.09200
   0.40400
   1.73600
   0.19400
   0.49200
   0.18200
   0.42400
   0.35400
   0.21800
   0.14000
   0.14400
   0.10200
   1.12000
   0.10800
   0.13600
   0.23800
   0.72600
   0.26600
   1.20400
   0.30400
   0.48600
   0.24600
   0.80000
   0.16200
   0.38800
   0.44400
   0.67800
   0.04400
   0.08200
   0.71000
   0.29200
   0.41200
   0.57200
   0.69600
   0.67200
   0.18800
   0.94600
   0.44200
   0.07200
   0.36800
   0.71000
   0.82800
   1.31600
   1.92800
   0.78000
   0.34800
   0.66200
   0.32600
   0.74400
   0.58000
   0.49800
   0.21400
   0.90400
   0.30600
   1.47800
   0.42600
   0.30200
   0.34200
   0.30600
   0.31800
   0.08400
   0.84800
   0.03200
   0.58000
   1.16200
   0.56400
   0.22600
   0.09600
   0.85600
   1.65800
   0.35400
   0.87400
   0.26200
   1.10000
   0.18400
   0.88200
   0.27800
   0.28000
   0.35000
   0.18400
   0.42000
   0.84800
   1.64200
   0.64800
   0.70800
   0.14600
   2.22400
   0.07000
   0.66600
   0.48600
   0.42400
   0.05800
   0.22400
   0.07400
   0.41400
   0.61200
   0.49000
   0.12000
   0.38400
   0.08800
   0.45800
   0.05000
   0.15600
   0.07200
   0.59000
   0.14000
   0.14400
   1.12600
   0.42200
   0.14600
   0.57200
   0.15000
   0.24800
   0.23800
   0.64600
   0.06200
   0.12400
   0.89000
   0.27600
   0.21800
   0.15400
   0.14200
   0.22600
   0.29200
   1.09400
   0.07800
   0.29800
   2.58200
   0.37200
   1.19200
   0.56800
   0.16200
   0.64200
   0.42400
   0.19800
   0.31200
   0.26400
   0.51200
   0.44600
   0.06600
   0.06600
   0.96600
   0.42400
   0.22800
   0.20600
   0.21000
   0.83800
   0.33400
   0.20200
   0.44400
   0.53000
   0.75600
   0.22000
   0.16600
   0.11000
   0.41000
   1.32400
   0.08200
   0.75400
   0.64400
   0.09800
   0.46000
   0.28000
   0.26000
   0.32800
   0.31200
   1.04200
   0.29400
   1.14200
   0.68400
   1.66400
   2.24800
   0.38400
   0.77200
   0.26600
   1.57800
   0.53000
   0.24800
   0.20400
   0.73000
   0.58000
   0.79000
   0.64800
   0.91400
   1.75400
   0.50600
   0.16800
   0.81200
   0.21200
   0.85400
   0.12400
   0.02000
   0.95000
   0.31000
   0.37800
   1.08400
   0.53400
   0.12000
   0.15400
   0.59600
   0.39000
   0.05800
   0.90800
   0.98200
   0.25800
   0.23600
   0.19600
   0.17200
   0.78200
   0.59600
   0.44400
   1.85000
   2.03000
   0.55400
   0.11400
   0.47400
   0.22400
   0.13000
   0.78200
   0.51200
   0.86200
   0.77000
   0.14200
   0.08600
   0.73000
   0.13400
   0.16200
   0.21600
   0.51800
   0.19400
   0.40800
   0.16400
   0.27400
   0.66000
   0.12400
   0.62800
   0.48800
   0.75400
   0.43600
   0.21800
   1.05400
   0.34000
   0.66000
   0.34600
   0.60600
   0.23800
   0.64800
   1.93600
   0.05200
   0.08200
   0.54000
   0.22400
   1.34400
   0.71600
   0.20400
   1.95800
   0.73400
   0.79600
   0.06000
   0.52800
   0.35200
   0.07600
   0.64800
   0.91800
   0.38600
   0.70000
   0.16000
   1.14800
   0.86000
   0.43200
   0.50800
   0.47000
   0.08800
   0.26200
   0.65200
   1.20600
   0.19400
   0.64000
   0.52800
   0.07400
   0.95400
   0.42800
   0.45800
   0.79600
   1.00600
   0.42800
   0.40400
   0.05400
   0.84600
   0.41800
   0.23000
   1.20200
   0.48400
   0.49600
   1.21400
   0.72400
   0.16200
   0.66400
   0.07000
   0.52400
   0.15600
   0.76000
   2.38600
   0.52600
   0.39200
   1.15600
   1.16400
   0.08000
   0.09400
   0.40400
   0.14800
   1.87800
   0.07400
   0.76400
   0.33600
   1.42800
   0.32400
   1.25600
   0.11000
   0.80000
   0.28600
   0.18000
   0.11600
   0.18600
   0.36400
   0.71600
   0.74200
   0.09200
   0.37000
   0.10000
   0.91800
   0.24400
   0.13200
   0.52600
   0.39600
   0.59000
   0.43200
   0.97000
   2.74000
   0.36000
   0.10200
   0.33000
   0.09600
   0.94800
   1.77600
   0.65200
   0.30600
   0.20000
   0.66600
   0.44000
   0.37400
   0.28800
   0.75800
   0.17400
   0.24600
   0.58000
   0.10400
   0.40600
   0.42400
   0.35800
   0.22600
   0.91600
   0.18800
   0.62000
   0.55800
   0.46400
   0.10800
   0.53800
   0.59800
   0.19600
   1.36200
   0.63000
   0.21800
   0.30800
   1.03800
   0.49000
   0.49000
   0.51800
   0.11400
   0.65600
   0.13400
   0.26200
   0.08800
   1.40200
   0.25000
   0.13000
   0.35400
   0.20200
   0.31200
   0.70200
   0.08200
   0.16400
   0.25000
   0.52400
   0.21600
   0.68000
   0.51000
   0.95200
   0.06000
   1.41800
   0.48600
   0.60800
   0.78600
   0.36800
   0.11400
   0.45000
   1.13400
   0.06200
   1.08800
   0.64400
   0.30600
   0.69800
   1.70800
   1.99400
   1.54200
   0.47800
   0.30000
   0.27000
   1.13400
   1.00000
   0.36800
   0.35600
   0.55800
   1.05400
   0.07400
   0.39400
   0.36800
   0.12200
   0.63200
   1.02200
   0.21600
   0.27600
   2.03000
   0.27000
   0.37000
   0.06400
   0.33800
   0.83400
   0.76200
   0.66000
   0.46000
   1.09400
   0.28200
   1.75400
   0.18400
   0.32800
   0.88200
   0.51000
   0.53800
   0.23800
   1.41200
   0.49400
   1.89000
   0.11000
   1.12800
   0.24400
   0.78800
   1.23600
   1.52600
   0.24200
   0.82800
   0.24800
   0.16800
   1.32400
   0.45600
   1.36200
   0.43600
   0.60200
   0.33800
   0.96600
   0.34800
   0.52600
   0.12000
   0.11400
   0.29000
   0.33200
   0.28600
   0.10600
   0.67400
   0.63200
   0.33200
   1.70000
   0.36200
   1.53000
   2.15800
   0.12800
   0.30200
   0.87800
   0.88600
   0.17200
   0.16400
   0.23400
   0.11200
   0.13400
   0.85400
   0.26400
   0.56000
   0.48600
   0.75000
   0.38600
   0.10600
   1.86400
   1.18400
   0.47400
   0.03000
   0.57000
   0.34400
   0.08800
   0.19000
   0.30000
   0.27600
   1.57200
   0.20200
   0.82000
   0.08200
   0.19600
   0.15000
   3.00600
   0.70600
   0.76200
   1.24200
   0.91000
   0.14200
   0.32000
   0.16400
   0.64000
   1.11400
   0.11800
   0.11600
   1.12400
   0.31200
   0.52800
   1.28400
   1.13400
   2.39600
   1.04000
   0.42600
   0.52800
   0.50600
   0.58200
   0.23600
   0.94200
   1.10800
   0.34800
   0.59600
   0.32800
   0.74000
   0.24000
   0.73000
   0.68000
   0.33200
   0.21000
   1.28200
   0.04200
   0.22400
   0.46200
   0.24600
   0.86600
   0.60400
   0.30800
   0.14600
   0.47000
   0.77400
   0.91800
   1.11000
   1.31800
   0.11800
   0.24000
   1.13600
   0.14400
   0.23600
   0.23400
   0.55800
   0.60800
   0.34600
   1.54200
   0.53600
   0.21600
   0.89800
   0.19400
   0.42200
   0.56800
   0.31200
   0.29200
   0.23200
   0.10800
   0.47800
   0.12800
   0.20200
   0.21600
   0.13200
   0.90600
   0.58600
   0.11600
   2.37400
   0.22000
   1.03200
   0.37200
   1.70400
   0.12000
   0.56800
   0.23400
   0.08000
   0.55400
   0.40600
   0.13200
   0.10800
   0.33200
   0.57800
   0.11200
   0.62600
   0.64000
   0.18200
   0.39800
   0.38200
   0.09000
   0.65400
   0.13400
   0.13800
   0.49600
   0.18600
   1.09200
   0.18000
   0.94600
   0.30600
   1.00000
   1.13000
   0.09400
   0.15800
   0.76400
   0.19800
   0.48600
   0.54000
   2.29400
   0.07000
   0.86400
   0.61800
   0.35600
   0.54400
   0.15400
   0.44600
   0.12600
   1.21400
   1.19000
   0.39200
   0.15800
   0.69600
   0.06800
   0.34000
   0.09400
   0.09400
   0.61200
   0.44200
   0.65200
   1.01400
   0.68400
   1.85400
   0.28400
   1.31000
   0.23400
   0.27400
   0.62800
   0.55600
   1.05800
   1.78000
   0.97200
   0.92400
   1.35200
   0.14800
   0.92200
   0.24600
   1.21400
   0.45000
   0.24000
   0.73800
   0.21200
   0.16200
   1.32400
   0.14400
   0.35800
   0.04600
   0.69600
   0.30600
   0.41200
   1.05000
   0.64800
   0.30400
   0.60400
   0.31400
   1.27000
   1.14000
   0.46200
   0.12400
   0.80400
   0.76200
   0.22600
   0.37400
   0.14800
   0.56000
   1.15600
   0.31400
   0.11800
   0.15400
   0.97200
   0.97000
   1.17200
   1.18800
   0.15000
   0.18400
   0.12600
   0.68400
   0.04800
   0.10600
   0.76000
   0.12000
   0.30400
   0.95600
   0.70400
   0.31000
   1.23200
   0.93400
   1.29400
   0.20800
   0.06800
   0.39600
   0.67400
   0.74800
   0.57800
   0.60200
   0.48200
   0.35600
   0.24000
   0.29200
   0.08200
   0.13800
   0.10600
   1.78600
   0.23000
   0.60400
   1.15200
   0.11000
   0.52200
   0.55400
   0.46800
   0.09600
   0.74800
   0.23200
   0.84400
   0.13400
   0.06600
   1.13200
   0.56800
   0.18200
   2.01000
   0.68200
   0.89800
   0.24800
   0.65200
   0.31200
   0.80600
   0.28800
   0.25400
   0.99200
   0.38000
   0.26400
   0.75800
   0.17000
   0.77000
   0.29600
   0.02000
   0.26600
   0.09200
   0.24400
   0.34800
   1.37600
   0.23800
   0.59200
   0.25400
   0.10000
   0.55000
   0.84200
   0.95000
   0.25400
   2.04800
   0.93800
   0.76200
   0.17200
   0.09600
   0.20200
   0.15800
   0.52000
   0.11200
   0.86200
   0.35400
   0.09000
   0.27000
   2.33000
   0.09400
   0.30000
   0.83200
   0.46000
   0.24600
   0.24800
   0.76600
   0.33600
   0.07200
   0.11200
   0.26600
   0.41400
   0.43400
   0.14400
   0.70600
   0.56600
   0.36200
   0.25800
   2.71600
   0.28000
   0.61000
   0.90200
   0.54200
   0.07800
   0.45600
   0.13000
   0.20200
   0.72000
   0.19800
   0.18600
   0.32400
   0.82600
   1.14600
   0.23400
   0.27800
   0.20600
   0.40200
   0.45200
   1.44400
   0.33600
   0.46800
   1.62800
   0.27000
   0.07600
   0.40600
   0.84800
   0.24400
   0.68400
   0.30000
   0.21600
   0.50800
   0.28600
   0.84800
   0.30200
   0.21600
   1.72200
   0.29000
   0.25000
   0.78600
   0.15800
   0.39200
   0.93200
   0.95200
   0.86800
   0.98000
   0.05800
   0.37200
   0.35800
   0.88400
   0.46600
   0.64200
   0.50200
   0.11800
   0.03400
   0.17200
   0.03800
   0.03600
   0.20600
   0.25000
   0.42800
   0.49800
   0.79200
   0.36000
   0.45000
   0.09200
   0.08800
   1.05600
   0.31800
   1.73000
   0.69800
   0.68400
   0.40000
   0.23600
   0.39800
   0.43200
   1.40000
   0.25600
   0.05000
   0.60000
   0.68600
   0.45800
   0.74200
   0.08600
   0.44200
   0.11400
   0.18400
   0.20200
   1.21800
   0.43600
   0.10800
   0.27000
   0.54000
   0.71200
   0.85000
   0.61200
   0.45400
   0.25200
   1.24000
   0.68400
   0.24600
   0.23200
   0.72000
   0.35600
   0.22800
   0.56800
   1.30000
   0.63000
   0.14200
   0.32200
   0.84800
   0.26000
   0.25400
   0.55200
   0.17000
   1.71200
   0.15600
   0.51200
   0.27400
   1.47200
   0.21000
   0.14600
   0.06400
   0.45400
   0.04200
   0.44000
   0.29000
   0.50000
   0.40400
   0.22000
   0.38000
   0.25600
   0.31400
   0.24200
   0.33600
   0.10600
   0.40200
   0.67400
   0.13400
   0.41400
   0.10800
   0.17000
   0.57400
   0.23400
   0.05600
   0.10600
   0.14800
   0.45800
   0.15000
   0.79400
   1.35800
   0.50800
   1.04000
   0.10800
   0.35600
   0.08800
   0.24800
   0.30000
   1.04800
